1023-5_2-0-AA-frgt 7 1 3
1025-5_2-5-AA-frgt 6 2 3
1025-5_2-6-AA-frgt 7 2 3
103-5_2-3-AA-frgt 9 2 3
103-5_2-4-AA-frgt 9 2 3
1035-5_2-3-AA-frgt 8 2 3
1035-5_2-4-AA-frgt 8 2 3
1036-5_2-3-AA-frgt 7 2 3
1036-5_2-4-AA-frgt 8 2 3
1055-5_2-1-AA-frgt 6 2 3
1055-5_2-2-AA-frgt 6 2 3
1058-5_2-1-AA-frgt 7 2 3
1058-5_2-2-AA-frgt 7 2 3
1070-5_2-0-AA-frgt 5 3 1
1071-5_2-0-AA-frgt 5 3 1
1072-5_2-0-AA-frgt 5 3 1
1074-5_2-2-AA-frgt 8 1 3
1078-5_2-1-AA-frgt 8 1 3
1089-5_2-3-AA-frgt 7 3 3
1089-5_2-4-AA-frgt 7 3 3
1109-5_2-3-AA-frgt 7 2 3
1109-5_2-4-AA-frgt 8 2 3
1110-5_2-3-AA-frgt 7 2 3
1110-5_2-4-AA-frgt 8 2 3
1114-5_2-0-AA-frgt 5 3 3
1120-5_2-3-AA-frgt 8 2 3
1120-5_2-4-AA-frgt 8 2 3
1123-5_2-3-AA-frgt 8 2 3
1123-5_2-4-AA-frgt 8 2 3
1126-5_2-1-AA-frgt 6 1 1
1126-5_2-2-AA-frgt 6 1 1
1127-5_2-1-AA-frgt 6 1 1
1127-5_2-2-AA-frgt 6 1 1
1128-5_2-1-AA-frgt 6 1 1
1128-5_2-2-AA-frgt 6 1 1
1129-5_2-1-AA-frgt 6 1 1
1129-5_2-2-AA-frgt 6 1 1
1130-5_2-1-AA-frgt 6 1 1
1130-5_2-2-AA-frgt 6 1 1
1131-5_2-1-AA-frgt 6 1 1
1131-5_2-2-AA-frgt 6 1 1
1134-5_2-3-AA-frgt 8 2 1
1134-5_2-4-AA-frgt 8 2 1
1138-5_2-1-AA-frgt 
1138-5_2-2-AA-frgt 
1139-5_2-0-AA-frgt 
1140-5_2-0-AA-frgt 
1141-5_2-3-AA-frgt 8 2 1
1141-5_2-4-AA-frgt 8 2 1
1147-5_2-5-AA-frgt 7 2 3
1147-5_2-6-AA-frgt 7 2 3
1148-5_2-3-AA-frgt 9 2 1
1148-5_2-4-AA-frgt 9 2 1
1149-5_2-3-AA-frgt 9 2 1
1149-5_2-4-AA-frgt 9 2 1
1150-5_2-3-AA-frgt 9 2 1
1150-5_2-4-AA-frgt 9 2 1
1151-5_2-1-AA-frgt 9 2 1
1151-5_2-2-AA-frgt 8 2 1
1152-5_2-1-AA-frgt 9 2 1
1152-5_2-2-AA-frgt 8 2 1
1153-5_2-3-AA-frgt 9 2 1
1153-5_2-4-AA-frgt 9 2 1
1154-5_2-3-AA-frgt 9 2 1
1154-5_2-4-AA-frgt 9 2 1
1155-5_2-3-AA-frgt 9 2 1
1155-5_2-4-AA-frgt 9 2 1
1156-5_2-1-AA-frgt 8 2 3
1156-5_2-2-AA-frgt 7 2 3
1158-5_2-3-AA-frgt 9 2 1
1158-5_2-4-AA-frgt 9 2 1
1160-5_2-3-AA-frgt 9 2 1
1160-5_2-4-AA-frgt 9 2 1
1171-5_2-3-AA-frgt 7 2 3
1171-5_2-4-AA-frgt 8 2 3
1174-5_2-0-AA-frgt 5 1 3
1183-5_2-0-AA-frgt 
121-5_2-5-AA-frgt 7 2 3
121-5_2-6-AA-frgt 7 2 3
122-5_2-5-AA-frgt 7 2 3
122-5_2-6-AA-frgt 7 2 3
123-5_2-3-AA-frgt 7 2 3
123-5_2-4-AA-frgt 7 2 3
1243-5_2-5-AA-frgt 7 2 3
1243-5_2-6-AA-frgt 7 2 3
1244-5_2-5-AA-frgt 7 2 3
1244-5_2-6-AA-frgt 7 2 3
1245-5_2-5-AA-frgt 7 2 3
1245-5_2-6-AA-frgt 7 2 3
1259-5_2-3-AA-frgt 7 2 3
1259-5_2-4-AA-frgt 8 2 3
1260-5_2-3-AA-frgt 7 2 3
1260-5_2-4-AA-frgt 8 2 3
1288-5_2-3-AA-frgt 8 2 3
1288-5_2-4-AA-frgt 8 2 3
1292-5_2-3-AA-frgt 8 2 3
1292-5_2-4-AA-frgt 8 2 3
1293-5_2-3-AA-frgt 8 2 3
1293-5_2-4-AA-frgt 8 2 3
1297-5_2-3-AA-frgt 8 2 3
1297-5_2-4-AA-frgt 8 2 3
1301-5_2-3-AA-frgt 8 2 3
1301-5_2-4-AA-frgt 8 2 3
1305-5_2-3-AA-frgt 9 2 3
1305-5_2-4-AA-frgt 9 2 3
1320-5_2-3-AA-frgt 7 2 3
1320-5_2-4-AA-frgt 8 2 3
1321-5_2-3-AA-frgt 9 2 3
1321-5_2-4-AA-frgt 9 2 3
1324-5_2-3-AA-frgt 6 3 3
1324-5_2-4-AA-frgt 7 3 3
1334-5_2-3-AA-frgt 9 2 3
1334-5_2-4-AA-frgt 9 2 3
1335-5_2-3-AA-frgt 9 2 3
1335-5_2-4-AA-frgt 9 2 3
1346-5_2-3-AA-frgt 9 2 3
1346-5_2-4-AA-frgt 9 2 3
1349-5_2-3-AA-frgt 9 2 3
1349-5_2-4-AA-frgt 9 2 3
135-5_2-3-AA-frgt 9 2 1
135-5_2-4-AA-frgt 9 2 1
1356-5_2-3-AA-frgt 8 2 3
1356-5_2-4-AA-frgt 9 2 3
1370-5_2-1-AA-frgt 9 1 3
1374-5_2-1-AA-frgt 9 1 3
1378-5_2-3-AA-frgt 7 2 3
1378-5_2-4-AA-frgt 8 2 3
1381-5_2-3-AA-frgt 7 2 3
1381-5_2-4-AA-frgt 8 2 3
1384-5_2-1-AA-frgt 7 2 3
1390-5_2-3-AA-frgt 8 2 3
1390-5_2-4-AA-frgt 9 2 3
1394-5_2-3-AA-frgt 8 2 3
1394-5_2-4-AA-frgt 9 2 3
1398-5_2-3-AA-frgt 6 2 3
1398-5_2-4-AA-frgt 7 2 3
1399-5_2-3-AA-frgt 6 2 3
1399-5_2-4-AA-frgt 7 2 3
1413-5_2-0-AA-frgt 
1417-5_2-6-AA-frgt 8 2 3
1417-5_2-7-AA-frgt 8 2 3
1420-5_2-6-AA-frgt 8 2 3
1420-5_2-7-AA-frgt 8 2 3
1423-5_2-3-AA-frgt 7 3 3
1423-5_2-4-AA-frgt 7 3 3
1424-5_2-3-AA-frgt 7 1 1
1424-5_2-4-AA-frgt 7 1 1
1445-5_2-8-AA-frgt 6 1 1
1463-5_2-3-AA-frgt 7 2 3
1463-5_2-4-AA-frgt 8 2 3
1464-5_2-3-AA-frgt 7 2 3
1464-5_2-4-AA-frgt 8 2 3
1465-5_2-3-AA-frgt 7 2 3
1465-5_2-4-AA-frgt 8 2 3
1466-5_2-3-AA-frgt 7 2 3
1466-5_2-4-AA-frgt 8 2 3
1472-5_2-3-AA-frgt 8 2 1
1472-5_2-4-AA-frgt 8 2 1
1473-5_2-10-AA-frgt 5 1 1
1473-5_2-11-AA-frgt 6 1 1
1474-5_2-3-AA-frgt 7 2 3
1474-5_2-4-AA-frgt 8 2 3
1475-5_2-3-AA-frgt 7 2 3
1475-5_2-4-AA-frgt 8 2 3
1476-5_2-3-AA-frgt 7 2 3
1476-5_2-4-AA-frgt 8 2 3
1477-5_2-3-AA-frgt 7 2 3
1477-5_2-4-AA-frgt 8 2 3
1478-5_2-3-AA-frgt 7 2 3
1478-5_2-4-AA-frgt 8 2 3
1479-5_2-3-AA-frgt 7 2 3
1479-5_2-4-AA-frgt 8 2 3
1480-5_2-3-AA-frgt 7 2 3
1480-5_2-4-AA-frgt 8 2 3
1481-5_2-3-AA-frgt 7 2 3
1481-5_2-4-AA-frgt 8 2 3
1482-5_2-1-AA-frgt 8 2 1
1482-5_2-2-AA-frgt 7 2 1
1507-5_2-3-AA-frgt 8 2 1
1507-5_2-4-AA-frgt 8 2 1
1508-5_2-3-AA-frgt 8 2 1
1508-5_2-4-AA-frgt 8 2 1
152-5_2-3-AA-frgt 7 2 3
152-5_2-4-AA-frgt 8 2 3
1520-5_2-1-AA-frgt 6 1 1
1521-5_2-1-AA-frgt 6 1 1
1531-5_2-1-AA-frgt 
154-5_2-1-AA-frgt 5 2 3
154-5_2-2-AA-frgt 6 2 3
1563-5_2-14-AA-frgt 7 1 3
1563-5_2-15-AA-frgt 7 1 3
1563-5_2-16-AA-frgt 7 1 3
1564-5_2-3-AA-frgt 7 2 3
1564-5_2-4-AA-frgt 8 2 3
1566-5_2-3-AA-frgt 8 2 3
1566-5_2-4-AA-frgt 8 2 3
1570-5_2-3-AA-frgt 8 2 3
1570-5_2-4-AA-frgt 8 2 3
1583-5_2-0-AA-frgt 
1589-5_2-3-AA-frgt 7 2 3
1589-5_2-4-AA-frgt 8 2 3
1591-5_2-3-AA-frgt 7 2 3
1591-5_2-4-AA-frgt 8 2 3
1596-5_2-1-AA-frgt 6 1 1
1596-5_2-2-AA-frgt 6 1 1
1597-5_2-1-AA-frgt 6 1 1
1597-5_2-2-AA-frgt 6 1 1
1598-5_2-1-AA-frgt 6 1 1
1598-5_2-2-AA-frgt 6 1 1
1599-5_2-1-AA-frgt 6 1 1
1599-5_2-2-AA-frgt 6 1 1
1600-5_2-1-AA-frgt 6 1 1
1600-5_2-2-AA-frgt 6 1 1
1603-5_2-3-AA-frgt 7 2 1
1603-5_2-4-AA-frgt 8 2 1
1606-5_2-3-AA-frgt 7 2 3
1606-5_2-4-AA-frgt 8 2 3
1610-5_2-1-AA-frgt 7 2 3
1610-5_2-2-AA-frgt 7 2 3
162-5_2-3-AA-frgt 8 2 3
162-5_2-4-AA-frgt 8 2 3
1633-5_2-14-AA-frgt 7 2 3
1633-5_2-15-AA-frgt 7 2 3
1633-5_2-16-AA-frgt 7 2 3
1634-5_2-1-AA-frgt 7 1 1
1636-5_2-1-AA-frgt 6 1 1
1636-5_2-2-AA-frgt 7 1 1
1637-5_2-1-AA-frgt 6 1 1
1637-5_2-2-AA-frgt 7 1 1
165-5_2-1-AA-frgt 8 2 3
165-5_2-2-AA-frgt 7 2 3
167-5_2-1-AA-frgt 8 2 3
167-5_2-2-AA-frgt 7 2 3
1724-5_2-1-AA-frgt 6 1 1
1724-5_2-2-AA-frgt 6 1 1
1725-5_2-1-AA-frgt 6 1 1
1725-5_2-2-AA-frgt 6 1 1
1761-5_2-3-AA-frgt 6 3 3
1761-5_2-4-AA-frgt 7 3 3
1764-5_2-3-AA-frgt 6 3 3
1764-5_2-4-AA-frgt 7 3 3
1772-5_2-3-AA-frgt 6 3 3
1772-5_2-4-AA-frgt 7 3 3
1787-5_2-3-AA-frgt 7 2 3
1787-5_2-4-AA-frgt 8 2 3
1788-5_2-3-AA-frgt 7 2 3
1788-5_2-4-AA-frgt 8 2 3
1839-5_2-3-AA-frgt 8 3 3
1839-5_2-4-AA-frgt 7 3 3
1848-5_2-1-AA-frgt 5 3 3
1848-5_2-2-AA-frgt 7 3 3
1853-5_2-0-AA-frgt 
1855-5_2-3-AA-frgt 7 2 3
1855-5_2-4-AA-frgt 8 2 3
1859-5_2-3-AA-frgt 9 2 1
1859-5_2-4-AA-frgt 9 2 1
1860-5_2-3-AA-frgt 9 2 1
1860-5_2-4-AA-frgt 9 2 1
1863-5_2-3-AA-frgt 9 2 1
1863-5_2-4-AA-frgt 9 2 1
1864-5_2-3-AA-frgt 9 2 1
1864-5_2-4-AA-frgt 9 2 1
1869-5_2-3-AA-frgt 8 2 3
1869-5_2-4-AA-frgt 8 2 3
1874-5_2-0-AA-frgt 5 3 3
1875-5_2-0-AA-frgt 5 3 3
1895-5_2-5-AA-frgt 8 2 3
1895-5_2-6-AA-frgt 9 2 3
1905-5_2-3-AA-frgt 7 2 3
1905-5_2-4-AA-frgt 7 2 3
1907-5_2-3-AA-frgt 6 2 3
1907-5_2-4-AA-frgt 7 2 3
1908-5_2-3-AA-frgt 7 2 3
1908-5_2-4-AA-frgt 8 2 3
1909-5_2-3-AA-frgt 7 2 3
1909-5_2-4-AA-frgt 8 2 3
1910-5_2-3-AA-frgt 7 2 3
1910-5_2-4-AA-frgt 8 2 3
1911-5_2-3-AA-frgt 7 2 3
1911-5_2-4-AA-frgt 8 2 3
1912-5_2-3-AA-frgt 8 2 1
1912-5_2-4-AA-frgt 8 2 1
1913-5_2-3-AA-frgt 8 2 1
1913-5_2-4-AA-frgt 8 2 1
1914-5_2-3-AA-frgt 8 2 1
1914-5_2-4-AA-frgt 8 2 1
1915-5_2-3-AA-frgt 8 2 1
1915-5_2-4-AA-frgt 8 2 1
1916-5_2-3-AA-frgt 8 2 1
1916-5_2-4-AA-frgt 8 2 1
1917-5_2-3-AA-frgt 8 2 1
1917-5_2-4-AA-frgt 8 2 1
1918-5_2-3-AA-frgt 8 2 1
1918-5_2-4-AA-frgt 8 2 1
1919-5_2-3-AA-frgt 8 2 1
1919-5_2-4-AA-frgt 8 2 1
1920-5_2-3-AA-frgt 8 2 1
1920-5_2-4-AA-frgt 8 2 1
1921-5_2-3-AA-frgt 8 2 1
1921-5_2-4-AA-frgt 8 2 1
1942-5_2-0-AA-frgt 6 2 3
1967-5_2-5-AA-frgt 8 2 3
1967-5_2-6-AA-frgt 8 2 3
1980-5_2-3-AA-frgt 8 2 1
1980-5_2-4-AA-frgt 8 2 1
1982-5_2-3-AA-frgt 8 2 1
1982-5_2-4-AA-frgt 8 2 1
2002-5_2-3-AA-frgt 8 2 1
2002-5_2-4-AA-frgt 8 2 1
2003-5_2-3-AA-frgt 8 2 1
2003-5_2-4-AA-frgt 8 2 1
2016-5_2-0-AA-frgt 5 3 3
2017-5_2-0-AA-frgt 5 3 3
2025-5_2-3-AA-frgt 8 2 1
2025-5_2-4-AA-frgt 8 2 1
2026-5_2-3-AA-frgt 8 2 1
2026-5_2-4-AA-frgt 8 2 1
2027-5_2-3-AA-frgt 8 2 1
2027-5_2-4-AA-frgt 8 2 1
2033-5_2-5-AA-frgt 7 2 3
2033-5_2-6-AA-frgt 7 2 3
2034-5_2-5-AA-frgt 7 2 3
2034-5_2-6-AA-frgt 7 2 3
2048-5_2-0-AA-frgt 5 3 3
2057-5_2-5-AA-frgt 8 2 3
2057-5_2-6-AA-frgt 9 2 3
2058-5_2-5-AA-frgt 8 2 3
2058-5_2-6-AA-frgt 9 2 3
2063-5_2-5-AA-frgt 8 2 3
2063-5_2-6-AA-frgt 9 2 3
2066-5_2-3-AA-frgt 8 2 1
2066-5_2-4-AA-frgt 8 2 1
2069-5_2-3-AA-frgt 8 2 1
2069-5_2-4-AA-frgt 8 2 1
2083-5_2-0-AA-frgt 5 3 3
2084-5_2-0-AA-frgt 5 3 3
2092-5_2-14-AA-frgt 7 1 3
2092-5_2-15-AA-frgt 7 1 3
2092-5_2-16-AA-frgt 7 1 3
2093-5_2-3-AA-frgt 8 2 1
2093-5_2-4-AA-frgt 8 2 1
2099-5_2-3-AA-frgt 8 2 1
2099-5_2-4-AA-frgt 8 2 1
2102-5_2-3-AA-frgt 7 3 3
2102-5_2-4-AA-frgt 6 3 3
2105-5_2-8-AA-frgt 5 1 1
2106-5_2-8-AA-frgt 5 1 1
2112-5_2-0-AA-frgt 6 2 1
2128-5_2-3-AA-frgt 8 2 1
2128-5_2-4-AA-frgt 8 2 1
2129-5_2-3-AA-frgt 8 2 1
2129-5_2-4-AA-frgt 8 2 1
2135-5_2-3-AA-frgt 8 2 1
2135-5_2-4-AA-frgt 8 2 1
2138-5_2-3-AA-frgt 8 2 1
2138-5_2-4-AA-frgt 8 2 1
2139-5_2-3-AA-frgt 8 2 1
2139-5_2-4-AA-frgt 8 2 1
2144-5_2-3-AA-frgt 8 2 1
2144-5_2-4-AA-frgt 8 2 1
2166-5_2-0-AA-frgt 5 3 1
2192-5_2-5-AA-frgt 6 1 1
2193-5_2-8-AA-frgt 5 1 1
2196-5_2-0-AA-frgt 5 3 3
2197-5_2-0-AA-frgt 5 3 3
2207-5_2-5-AA-frgt 6 1 1
2208-5_2-5-AA-frgt 6 1 1
2220-5_2-0-AA-frgt 6 1 1
2221-5_2-0-AA-frgt 6 1 1
2222-5_2-0-AA-frgt 6 1 1
2223-5_2-0-AA-frgt 6 1 1
2224-5_2-0-AA-frgt 6 1 1
2228-5_2-3-AA-frgt 8 2 1
2228-5_2-4-AA-frgt 8 2 1
2236-5_2-0-AA-frgt 6 2 1
2278-5_2-0-AA-frgt 6 2 1
2290-5_2-1-AA-frgt 7 2 3
2290-5_2-2-AA-frgt 7 2 3
2294-5_2-0-AA-frgt 5 3 3
2325-5_2-1-AA-frgt 7 2 1
2326-5_2-1-AA-frgt 7 2 1
309-5_2-3-AA-frgt 7 2 1
309-5_2-4-AA-frgt 8 2 1
310-5_2-5-AA-frgt 6 2 3
310-5_2-6-AA-frgt 7 2 3
315-5_2-0-AA-frgt 5 3 3
319-5_2-1-AA-frgt 7 2 1
319-5_2-2-AA-frgt 7 2 1
321-5_2-3-AA-frgt 7 2 3
321-5_2-4-AA-frgt 8 2 3
333-5_2-7-AA-frgt 8 2 3
337-5_2-7-AA-frgt 8 2 3
338-5_2-3-AA-frgt 6 2 3
338-5_2-4-AA-frgt 7 2 3
341-5_2-3-AA-frgt 6 2 3
341-5_2-4-AA-frgt 7 2 3
349-5_2-3-AA-frgt 9 2 3
349-5_2-4-AA-frgt 9 2 3
353-5_2-3-AA-frgt 8 2 3
353-5_2-4-AA-frgt 8 2 3
356-5_2-3-AA-frgt 8 2 3
356-5_2-4-AA-frgt 8 2 3
360-5_2-7-AA-frgt 8 2 3
380-5_2-3-AA-frgt 8 3 3
380-5_2-4-AA-frgt 8 3 3
394-5_2-6-AA-frgt 8 2 3
394-5_2-7-AA-frgt 8 2 3
396-5_2-6-AA-frgt 8 2 3
396-5_2-7-AA-frgt 8 2 3
398-5_2-6-AA-frgt 8 2 3
398-5_2-7-AA-frgt 8 2 3
400-5_2-6-AA-frgt 8 2 3
400-5_2-7-AA-frgt 8 2 3
433-5_2-3-AA-frgt 6 3 3
433-5_2-4-AA-frgt 7 3 3
436-5_2-3-AA-frgt 8 2 3
436-5_2-4-AA-frgt 8 2 3
440-5_2-3-AA-frgt 7 2 3
440-5_2-4-AA-frgt 7 2 3
46-5_2-3-AA-frgt 8 2 3
46-5_2-4-AA-frgt 8 2 3
485-5_2-1-AA-frgt 6 1 3
486-5_2-1-AA-frgt 6 1 3
49-5_2-3-AA-frgt 8 2 3
49-5_2-4-AA-frgt 8 2 3
490-5_2-3-AA-frgt 7 2 3
490-5_2-4-AA-frgt 8 2 3
491-5_2-3-AA-frgt 7 2 3
491-5_2-4-AA-frgt 8 2 3
494-5_2-1-AA-frgt 7 2 3
494-5_2-2-AA-frgt 7 2 3
495-5_2-1-AA-frgt 7 2 3
495-5_2-2-AA-frgt 7 2 3
498-5_2-1-AA-frgt 7 2 3
498-5_2-2-AA-frgt 7 2 3
505-5_2-1-AA-frgt 7 2 3
509-5_2-3-AA-frgt 7 2 3
509-5_2-4-AA-frgt 8 2 3
51-5_2-3-AA-frgt 7 3 1
513-5_2-3-AA-frgt 7 2 3
513-5_2-4-AA-frgt 8 2 3
514-5_2-1-AA-frgt 7 2 3
514-5_2-2-AA-frgt 7 2 3
515-5_2-1-AA-frgt 7 2 3
515-5_2-2-AA-frgt 7 2 3
528-5_2-3-AA-frgt 7 2 3
528-5_2-4-AA-frgt 8 2 3
529-5_2-1-AA-frgt 7 2 3
529-5_2-2-AA-frgt 7 2 3
530-5_2-1-AA-frgt 7 2 3
530-5_2-2-AA-frgt 7 2 3
534-5_2-1-AA-frgt 7 2 3
534-5_2-2-AA-frgt 7 2 3
538-5_2-3-AA-frgt 7 2 3
538-5_2-4-AA-frgt 8 2 3
54-5_2-3-AA-frgt 7 2 3
54-5_2-4-AA-frgt 8 2 3
540-5_2-3-AA-frgt 7 2 3
540-5_2-4-AA-frgt 8 2 3
542-5_2-1-AA-frgt 7 2 1
542-5_2-2-AA-frgt 7 2 1
543-5_2-3-AA-frgt 8 2 1
543-5_2-4-AA-frgt 7 2 1
544-5_2-3-AA-frgt 8 2 1
544-5_2-4-AA-frgt 7 2 1
545-5_2-3-AA-frgt 8 2 1
545-5_2-4-AA-frgt 7 2 1
547-5_2-7-AA-frgt 8 2 3
549-5_2-6-AA-frgt 8 2 3
549-5_2-7-AA-frgt 8 2 3
55-5_2-1-AA-frgt 7 2 3
55-5_2-2-AA-frgt 7 2 3
553-5_2-3-AA-frgt 7 2 3
553-5_2-4-AA-frgt 8 2 3
56-5_2-1-AA-frgt 7 2 3
56-5_2-2-AA-frgt 7 2 3
560-5_2-3-AA-frgt 7 2 3
560-5_2-4-AA-frgt 8 2 3
57-5_2-1-AA-frgt 7 2 3
57-5_2-2-AA-frgt 7 2 3
58-5_2-3-AA-frgt 7 2 3
58-5_2-4-AA-frgt 8 2 3
59-5_2-3-AA-frgt 7 2 3
59-5_2-4-AA-frgt 8 2 3
60-5_2-3-AA-frgt 7 2 3
60-5_2-4-AA-frgt 8 2 3
604-5_2-3-AA-frgt 7 2 3
604-5_2-4-AA-frgt 8 2 3
605-5_2-0-AA-frgt 6 3 1
606-5_2-0-AA-frgt 6 3 1
61-5_2-3-AA-frgt 7 2 3
61-5_2-4-AA-frgt 8 2 3
62-5_2-5-AA-frgt 7 2 3
62-5_2-6-AA-frgt 7 2 3
630-5_2-1-AA-frgt 7 2 3
630-5_2-2-AA-frgt 7 2 3
631-5_2-3-AA-frgt 7 2 3
631-5_2-4-AA-frgt 8 2 3
632-5_2-0-AA-frgt 5 3 1
64-5_2-5-AA-frgt 7 2 3
64-5_2-6-AA-frgt 7 2 3
645-5_2-1-AA-frgt 8 2 3
645-5_2-2-AA-frgt 7 2 3
647-5_2-1-AA-frgt 8 2 3
647-5_2-2-AA-frgt 7 2 3
649-5_2-3-AA-frgt 8 2 3
649-5_2-4-AA-frgt 8 2 3
651-5_2-3-AA-frgt 8 2 3
651-5_2-4-AA-frgt 8 2 3
655-5_2-1-AA-frgt 7 1 3
655-5_2-2-AA-frgt 7 1 3
656-5_2-1-AA-frgt 9 2 3
656-5_2-2-AA-frgt 7 2 3
66-5_2-3-AA-frgt 7 2 3
66-5_2-4-AA-frgt 8 2 3
663-5_2-7-AA-frgt 7 2 2
665-5_2-1-AA-frgt 6 2 2
666-5_2-1-AA-frgt 6 2 2
667-5_2-1-AA-frgt 6 2 2
668-5_2-1-AA-frgt 6 2 2
669-5_2-1-AA-frgt 6 2 2
670-5_2-1-AA-frgt 6 2 2
671-5_2-1-AA-frgt 6 2 2
672-5_2-1-AA-frgt 6 2 2
673-5_2-1-AA-frgt 6 2 2
674-5_2-1-AA-frgt 7 2 2
675-5_2-1-AA-frgt 6 2 2
676-5_2-1-AA-frgt 6 2 2
677-5_2-1-AA-frgt 6 2 2
678-5_2-1-AA-frgt 6 2 2
679-5_2-1-AA-frgt 6 2 2
68-5_2-3-AA-frgt 7 2 3
68-5_2-4-AA-frgt 8 2 3
680-5_2-1-AA-frgt 6 2 2
681-5_2-1-AA-frgt 6 2 2
682-5_2-1-AA-frgt 6 2 2
683-5_2-3-AA-frgt 8 2 1
683-5_2-4-AA-frgt 8 2 1
693-5_2-3-AA-frgt 7 2 3
693-5_2-4-AA-frgt 8 2 3
70-5_2-3-AA-frgt 7 2 3
70-5_2-4-AA-frgt 8 2 3
703-5_2-1-AA-frgt 7 2 3
703-5_2-2-AA-frgt 6 2 3
704-5_2-1-AA-frgt 7 2 3
704-5_2-2-AA-frgt 6 2 3
705-5_2-1-AA-frgt 8 2 3
705-5_2-2-AA-frgt 7 2 3
706-5_2-1-AA-frgt 8 2 3
706-5_2-2-AA-frgt 7 2 3
707-5_2-1-AA-frgt 8 2 3
707-5_2-2-AA-frgt 7 2 3
708-5_2-1-AA-frgt 8 2 3
708-5_2-2-AA-frgt 7 2 3
709-5_2-3-AA-frgt 8 2 3
709-5_2-4-AA-frgt 9 2 3
710-5_2-3-AA-frgt 8 2 3
710-5_2-4-AA-frgt 9 2 3
711-5_2-3-AA-frgt 6 2 3
711-5_2-4-AA-frgt 7 2 3
712-5_2-3-AA-frgt 7 2 3
712-5_2-4-AA-frgt 8 2 3
713-5_2-3-AA-frgt 7 2 3
713-5_2-4-AA-frgt 8 2 3
714-5_2-1-AA-frgt 6 2 3
714-5_2-2-AA-frgt 6 2 3
715-5_2-3-AA-frgt 6 2 3
715-5_2-4-AA-frgt 7 2 3
716-5_2-3-AA-frgt 7 2 3
716-5_2-4-AA-frgt 8 2 3
717-5_2-3-AA-frgt 7 2 3
717-5_2-4-AA-frgt 8 2 3
718-5_2-3-AA-frgt 6 3 2
718-5_2-4-AA-frgt 7 3 2
72-5_2-3-AA-frgt 7 2 3
72-5_2-4-AA-frgt 8 2 3
720-5_2-3-AA-frgt 8 2 3
720-5_2-4-AA-frgt 7 2 3
722-5_2-3-AA-frgt 8 2 3
722-5_2-4-AA-frgt 7 2 3
733-5_2-10-AA-frgt 9 3 3
733-5_2-8-AA-frgt 9 3 3
733-5_2-9-AA-frgt 8 3 3
734-5_2-3-AA-frgt 8 2 1
734-5_2-4-AA-frgt 7 2 1
735-5_2-3-AA-frgt 9 2 1
735-5_2-4-AA-frgt 8 2 1
736-5_2-1-AA-frgt 7 2 1
736-5_2-2-AA-frgt 7 2 1
738-5_2-3-AA-frgt 8 2 1
738-5_2-4-AA-frgt 7 2 1
739-5_2-5-AA-frgt 6 2 3
739-5_2-6-AA-frgt 7 2 3
74-5_2-3-AA-frgt 7 2 3
74-5_2-4-AA-frgt 8 2 3
741-5_2-5-AA-frgt 6 2 3
741-5_2-6-AA-frgt 7 2 3
743-5_2-0-AA-frgt 6 1 3
76-5_2-3-AA-frgt 7 2 3
76-5_2-4-AA-frgt 8 2 3
760-5_2-1-AA-frgt 8 1 2
761-5_2-3-AA-frgt 6 2 3
761-5_2-4-AA-frgt 7 2 3
762-5_2-3-AA-frgt 9 1 3
762-5_2-4-AA-frgt 8 1 3
763-5_2-3-AA-frgt 7 3 3
763-5_2-4-AA-frgt 6 3 3
765-5_2-0-AA-frgt 5 1 3
769-5_2-3-AA-frgt 8 2 3
769-5_2-4-AA-frgt 8 2 3
773-5_2-3-AA-frgt 7 2 3
773-5_2-4-AA-frgt 8 2 3
777-5_2-3-AA-frgt 7 2 3
777-5_2-4-AA-frgt 8 2 3
78-5_2-3-AA-frgt 7 2 3
78-5_2-4-AA-frgt 8 2 3
780-5_2-0-AA-frgt 5 3 1
785-5_2-3-AA-frgt 8 2 3
785-5_2-4-AA-frgt 8 2 3
788-5_2-3-AA-frgt 8 2 3
788-5_2-4-AA-frgt 8 2 3
791-5_2-3-AA-frgt 9 2 3
791-5_2-4-AA-frgt 9 2 3
794-5_2-3-AA-frgt 9 2 3
794-5_2-4-AA-frgt 9 2 3
80-5_2-3-AA-frgt 7 2 3
80-5_2-4-AA-frgt 8 2 3
801-5_2-3-AA-frgt 7 2 2
801-5_2-4-AA-frgt 8 2 2
803-5_2-1-AA-frgt 6 1 1
803-5_2-2-AA-frgt 7 1 1
804-5_2-1-AA-frgt 6 1 1
804-5_2-2-AA-frgt 7 1 1
808-5_2-2-AA-frgt 8 2 3
810-5_2-3-AA-frgt 8 2 3
810-5_2-4-AA-frgt 8 2 3
821-5_2-3-AA-frgt 7 2 3
821-5_2-4-AA-frgt 8 2 3
824-5_2-3-AA-frgt 7 2 3
824-5_2-4-AA-frgt 8 2 3
826-5_2-3-AA-frgt 7 2 3
826-5_2-4-AA-frgt 8 2 3
829-5_2-3-AA-frgt 7 2 3
829-5_2-4-AA-frgt 8 2 3
832-5_2-3-AA-frgt 7 2 3
832-5_2-4-AA-frgt 8 2 3
835-5_2-3-AA-frgt 7 2 3
835-5_2-4-AA-frgt 8 2 3
838-5_2-3-AA-frgt 7 2 3
838-5_2-4-AA-frgt 8 2 3
841-5_2-3-AA-frgt 7 2 2
841-5_2-4-AA-frgt 8 2 2
844-5_2-3-AA-frgt 7 2 3
844-5_2-4-AA-frgt 8 2 3
847-5_2-3-AA-frgt 8 2 3
847-5_2-4-AA-frgt 9 2 3
850-5_2-3-AA-frgt 7 2 3
850-5_2-4-AA-frgt 8 2 3
851-5_2-3-AA-frgt 7 2 3
851-5_2-4-AA-frgt 8 2 3
852-5_2-3-AA-frgt 8 2 3
852-5_2-4-AA-frgt 9 2 3
857-5_2-1-AA-frgt 7 1 3
873-5_2-3-AA-frgt 6 2 1
873-5_2-4-AA-frgt 7 2 1
875-5_2-1-AA-frgt 8 2 2
875-5_2-2-AA-frgt 7 2 2
876-5_2-0-AA-frgt 
877-5_2-3-AA-frgt 9 2 3
877-5_2-4-AA-frgt 7 2 3
878-5_2-0-AA-frgt 5 1 3
879-5_2-3-AA-frgt 8 3 3
879-5_2-4-AA-frgt 6 3 3
887-5_2-3-AA-frgt 7 2 3
887-5_2-4-AA-frgt 8 2 3
891-5_2-3-AA-frgt 7 2 3
891-5_2-4-AA-frgt 8 2 3
893-5_2-10-AA-frgt 8 2 3
893-5_2-8-AA-frgt 7 2 3
893-5_2-9-AA-frgt 8 2 3
894-5_2-3-AA-frgt 7 2 3
894-5_2-4-AA-frgt 8 2 3
899-5_2-3-AA-frgt 8 2 3
899-5_2-4-AA-frgt 9 2 3
902-5_2-3-AA-frgt 7 2 3
902-5_2-4-AA-frgt 8 2 3
907-5_2-3-AA-frgt 9 2 3
907-5_2-4-AA-frgt 10 2 3
920-5_2-3-AA-frgt 7 2 3
920-5_2-4-AA-frgt 8 2 3
930-5_2-3-AA-frgt 8 2 3
930-5_2-4-AA-frgt 9 2 3
931-5_2-3-AA-frgt 8 2 3
931-5_2-4-AA-frgt 9 2 3
932-5_2-3-AA-frgt 6 2 3
932-5_2-4-AA-frgt 7 2 3
933-5_2-2-AA-frgt 
935-5_2-7-AA-frgt 6 1 3
935-5_2-8-AA-frgt 6 1 3
937-5_2-3-AA-frgt 8 2 1
937-5_2-4-AA-frgt 7 2 1
938-5_2-3-AA-frgt 9 2 1
938-5_2-4-AA-frgt 8 2 1
943-5_2-3-AA-frgt 9 2 1
943-5_2-4-AA-frgt 8 2 1
952-5_2-3-AA-frgt 7 2 3
952-5_2-4-AA-frgt 8 2 3
953-5_2-3-AA-frgt 8 2 3
953-5_2-4-AA-frgt 8 2 3
956-5_2-3-AA-frgt 8 2 3
956-5_2-4-AA-frgt 8 2 3
963-5_2-3-AA-frgt 8 2 3
963-5_2-4-AA-frgt 8 2 3
964-5_2-3-AA-frgt 9 2 1
964-5_2-4-AA-frgt 9 2 1
965-5_2-3-AA-frgt 8 2 3
965-5_2-4-AA-frgt 8 2 3
966-5_2-3-AA-frgt 7 2 3
966-5_2-4-AA-frgt 8 2 3
969-5_2-3-AA-frgt 7 2 3
969-5_2-4-AA-frgt 8 2 3
972-5_2-3-AA-frgt 7 2 3
972-5_2-4-AA-frgt 8 2 3
974-5_2-1-AA-frgt 7 2 3
974-5_2-2-AA-frgt 7 2 3
976-5_2-3-AA-frgt 6 2 3
976-5_2-4-AA-frgt 7 2 3
977-5_2-3-AA-frgt 7 2 3
977-5_2-4-AA-frgt 8 2 3
981-5_2-1-AA-frgt 6 3 3
981-5_2-2-AA-frgt 6 3 3
983-5_2-3-AA-frgt 8 2 3
983-5_2-4-AA-frgt 8 2 3
99-5_2-3-AA-frgt 9 2 3
99-5_2-4-AA-frgt 9 2 3
