Subgraph ID: 13_991	55 56 57 58 59 60 61 62 63 64 65 66 73
Subgraph ID: 13_874	1 55 56 57 58 59 60 61 63 64 65 73 74
Subgraph ID: 13_874	1 55 56 57 58 59 60 61 62 63 64 73 74
Subgraph ID: 13_746	1 55 56 57 58 60 61 62 63 64 65 73 74
Subgraph ID: 13_711	55 56 57 58 60 61 62 63 64 65 66 67 73
Subgraph ID: 13_622	55 56 57 58 59 60 61 63 64 65 66 67 73
Subgraph ID: 13_608	1 55 56 57 58 60 61 63 64 65 66 73 74
Subgraph ID: 13_221	75 76 77 78 79 80 81 82 83 84 85 86 87
Subgraph ID: 13_1269	1 25 26 28 36 37 38 39 43 44 45 46 52
Subgraph ID: 13_1253	1 25 26 27 28 36 37 38 43 44 45 52 53
Subgraph ID: 13_1235	1 25 26 28 36 37 38 43 44 45 46 52 53
Subgraph ID: 13_1235	1 25 26 28 36 37 38 39 43 44 45 52 53
Subgraph ID: 13_1235	1 25 26 27 28 36 37 38 43 44 45 46 52
Subgraph ID: 13_1235	1 25 26 27 28 36 37 38 39 43 44 45 52
Subgraph ID: 13_1233	91 92 93 94 100 101 102 103 105 106 107 108 109
Subgraph ID: 13_1233	91 92 93 94 100 101 102 103 104 105 107 108 109
Subgraph ID: 13_1204	91 92 93 94 100 101 102 103 104 105 106 107 108
Subgraph ID: 13_1204	91 92 93 100 101 102 103 104 105 106 107 108 109
Subgraph ID: 13_1196	3 4 5 6 9 10 11 12 13 14 15 20 21
Subgraph ID: 13_1185	1 25 26 28 36 37 38 43 44 45 46 47 52
Subgraph ID: 13_1185	1 25 26 28 36 37 38 39 40 43 44 45 52
Subgraph ID: 12_531	91 92 93 94 100 101 102 103 105 107 108 109
Subgraph ID: 12_529	1 25 26 28 36 37 38 43 44 45 46 52
Subgraph ID: 12_529	1 25 26 28 36 37 38 39 43 44 45 52
Subgraph ID: 12_522	1 25 26 28 36 37 38 43 44 45 52 53
Subgraph ID: 12_522	1 25 26 27 28 36 37 38 43 44 45 52
Subgraph ID: 12_513	91 92 93 100 101 102 103 104 105 106 107 108
Subgraph ID: 12_508	91 92 93 94 100 101 102 103 105 106 107 108
Subgraph ID: 12_508	91 92 93 94 100 101 102 103 104 105 107 108
Subgraph ID: 12_508	91 92 93 100 101 102 103 105 106 107 108 109
Subgraph ID: 12_508	91 92 93 100 101 102 103 104 105 107 108 109
Subgraph ID: 12_441	55 56 57 58 59 60 61 62 63 64 65 73
Subgraph ID: 12_379	55 56 57 58 60 61 62 63 64 65 66 73
Subgraph ID: 12_374	1 55 56 57 58 59 60 61 63 64 73 74
Subgraph ID: 12_358	55 56 57 58 59 60 61 63 64 65 66 73
Subgraph ID: 12_286	56 57 58 59 60 61 62 63 64 65 66 67
Subgraph ID: 12_285	1 55 56 57 58 60 61 63 64 65 73 74
Subgraph ID: 12_285	1 55 56 57 58 60 61 62 63 64 73 74
Subgraph ID: 12_212	55 56 57 58 60 61 63 64 65 66 67 73
Subgraph ID: 12_137	75 76 77 78 79 80 81 82 83 84 85 87
Subgraph ID: 11_82	56 57 58 59 60 61 63 64 65 66 67
Subgraph ID: 11_75	75 76 77 78 79 80 81 82 83 84 87
Subgraph ID: 11_224	1 25 26 28 36 37 38 43 44 45 52
Subgraph ID: 11_223	91 92 93 94 100 101 102 103 105 107 108
Subgraph ID: 11_223	91 92 93 100 101 102 103 105 107 108 109
Subgraph ID: 11_214	91 92 93 100 101 102 103 105 106 107 108
Subgraph ID: 11_214	91 92 93 100 101 102 103 104 105 107 108
Subgraph ID: 11_174	55 56 57 58 59 60 61 63 64 65 73
Subgraph ID: 11_174	55 56 57 58 59 60 61 62 63 64 73
Subgraph ID: 11_165	89 90 91 110 111 112 113 114 115 116 117
Subgraph ID: 11_164	55 56 57 58 60 61 62 63 64 65 73
Subgraph ID: 11_163	56 57 58 59 60 61 62 63 64 65 66
Subgraph ID: 11_125	55 56 57 58 60 61 63 64 65 66 73
Subgraph ID: 11_123	1 55 56 57 58 60 61 63 64 73 74
Subgraph ID: 11_114	56 57 58 60 61 62 63 64 65 66 67
Subgraph ID: 10_99	91 92 93 100 101 102 103 105 107 108
Subgraph ID: 10_83	89 90 91 110 111 113 114 115 116 117
Subgraph ID: 10_82	55 56 57 58 59 60 61 63 64 73
Subgraph ID: 10_79	56 57 58 59 60 61 62 63 64 65
Subgraph ID: 10_78	89 90 91 110 111 112 113 114 116 117
Subgraph ID: 10_77	56 57 58 60 61 62 63 64 65 66
Subgraph ID: 10_66	55 56 57 58 60 61 63 64 65 73
Subgraph ID: 10_66	55 56 57 58 60 61 62 63 64 73
Subgraph ID: 10_55	56 57 58 59 60 61 63 64 65 66
Subgraph ID: 10_36	75 76 77 78 79 80 81 82 83 87
Subgraph ID: 10_35	56 57 58 60 61 63 64 65 66 67
Subgraph ID: 9_8	79 80 81 82 83 84 85 86 87
Subgraph ID: 9_40	89 90 91 110 111 113 114 116 117
Subgraph ID: 9_39	56 57 58 60 61 62 63 64 65
Subgraph ID: 9_37	89 90 91 110 113 114 115 116 117
Subgraph ID: 9_31	56 57 58 59 60 61 63 64 65
Subgraph ID: 9_31	56 57 58 59 60 61 62 63 64
Subgraph ID: 9_29	55 56 57 58 60 61 63 64 73
Subgraph ID: 9_27	56 57 58 60 61 63 64 65 66
Subgraph ID: 9_13	64 65 66 67 68 69 70 71 72
Subgraph ID: 9_13	118 119 120 121 122 123 124 125 126
Subgraph ID: 8_8	79 80 81 82 83 84 85 87
Subgraph ID: 8_6	64 65 66 67 68 69 70 72
Subgraph ID: 8_6	118 119 120 121 122 123 124 125
Subgraph ID: 8_19	89 90 91 110 113 114 116 117
Subgraph ID: 8_17	56 57 58 60 61 63 64 65
Subgraph ID: 8_17	56 57 58 60 61 62 63 64
Subgraph ID: 8_16	28 29 30 31 32 33 34 35
Subgraph ID: 8_15	56 57 58 59 60 61 63 64
Subgraph ID: 8_12	65 66 67 68 69 70 71 72
Subgraph ID: 8_12	118 119 120 121 122 123 125 126
Subgraph ID: 7_9	56 57 58 60 61 63 64
Subgraph ID: 7_7	66 67 68 69 70 71 72
Subgraph ID: 7_7	118 119 120 121 122 125 126
Subgraph ID: 7_6	79 80 81 82 83 84 87
Subgraph ID: 7_6	28 29 30 31 33 34 35
Subgraph ID: 7_6	28 29 30 31 32 33 35
Subgraph ID: 7_5	65 66 67 68 69 70 72
Subgraph ID: 7_5	118 119 120 121 122 123 125
Subgraph ID: 7_3	93 94 95 96 97 98 99
Subgraph ID: 7_1	45 46 47 48 49 50 51
Subgraph ID: 6_5	67 68 69 70 71 72
Subgraph ID: 6_5	66 67 68 69 70 72
Subgraph ID: 6_5	118 119 120 121 125 126
Subgraph ID: 6_5	118 119 120 121 122 125
Subgraph ID: 6_4	79 80 81 82 83 87
Subgraph ID: 6_4	28 29 30 31 33 35
Subgraph ID: 6_3	93 94 95 96 97 99
Subgraph ID: 6_2	94 95 96 97 98 99
Subgraph ID: 6_1	46 47 48 49 50 51
Subgraph ID: 6_1	45 46 47 48 49 50
Subgraph ID: 5_3	75 76 77 78 79
Subgraph ID: 5_3	67 68 69 70 72
Subgraph ID: 5_3	118 119 120 121 125
Subgraph ID: 5_2	94 95 96 97 99
Subgraph ID: 5_2	93 94 95 96 99
Subgraph ID: 5_2	15 16 17 18 19
Subgraph ID: 5_1	47 48 49 50 51
Subgraph ID: 5_1	46 47 48 49 50
Subgraph ID: 5_1	45 46 47 48 49
Subgraph ID: 5_1	38 39 40 41 42
Subgraph ID: 4_2	94 95 96 99
Subgraph ID: 4_2	16 17 18 19
Subgraph ID: 4_1	83 84 85 86
Subgraph ID: 4_1	64 65 66 67
Subgraph ID: 4_1	48 49 50 51
Subgraph ID: 4_1	47 48 49 50
Subgraph ID: 4_1	46 47 48 49
Subgraph ID: 4_1	45 46 47 48
Subgraph ID: 4_1	39 40 41 42
Subgraph ID: 4_1	38 39 40 41
Subgraph ID: 4_1	121 122 123 124
Subgraph ID: 3_1	96 97 98
Subgraph ID: 3_1	84 85 86
Subgraph ID: 3_1	83 84 85
Subgraph ID: 3_1	65 66 67
Subgraph ID: 3_1	64 65 66
Subgraph ID: 3_1	6 7 8
Subgraph ID: 3_1	49 50 51
Subgraph ID: 3_1	48 49 50
Subgraph ID: 3_1	47 48 49
Subgraph ID: 3_1	46 47 48
Subgraph ID: 3_1	45 46 47
Subgraph ID: 3_1	40 41 42
Subgraph ID: 3_1	39 40 41
Subgraph ID: 3_1	38 39 40
Subgraph ID: 3_1	129 130 131
Subgraph ID: 3_1	122 123 124
Subgraph ID: 3_1	121 122 123
Subgraph ID: 3_1	110 111 112
Subgraph ID: 2_1	97 98
Subgraph ID: 2_1	96 97
Subgraph ID: 2_1	93 94
Subgraph ID: 2_1	85 86
Subgraph ID: 2_1	84 85
Subgraph ID: 2_1	83 84
Subgraph ID: 2_1	70 71
Subgraph ID: 2_1	7 8
Subgraph ID: 2_1	66 67
Subgraph ID: 2_1	65 66
Subgraph ID: 2_1	64 65
Subgraph ID: 2_1	61 62
Subgraph ID: 2_1	6 7
Subgraph ID: 2_1	58 59
Subgraph ID: 2_1	52 53
Subgraph ID: 2_1	50 51
Subgraph ID: 2_1	49 50
Subgraph ID: 2_1	48 49
Subgraph ID: 2_1	47 48
Subgraph ID: 2_1	46 47
Subgraph ID: 2_1	45 46
Subgraph ID: 2_1	41 42
Subgraph ID: 2_1	40 41
Subgraph ID: 2_1	39 40
Subgraph ID: 2_1	38 39
Subgraph ID: 2_1	33 34
Subgraph ID: 2_1	31 32
Subgraph ID: 2_1	26 27
Subgraph ID: 2_1	15 16
Subgraph ID: 2_1	130 131
Subgraph ID: 2_1	129 130
Subgraph ID: 2_1	125 126
Subgraph ID: 2_1	123 124
Subgraph ID: 2_1	122 123
Subgraph ID: 2_1	121 122
Subgraph ID: 2_1	114 115
Subgraph ID: 2_1	111 112
Subgraph ID: 2_1	110 111
Subgraph ID: 2_1	108 109
Subgraph ID: 2_1	105 106
Subgraph ID: 2_1	103 104
