Subgraph ID: 13_999	63 64 65 66 68 69 70 71 72 73 74 75 85
Subgraph ID: 13_991	63 64 65 66 67 68 69 70 72 73 74 75 85
Subgraph ID: 13_991	63 64 65 66 67 68 69 70 71 72 73 74 85
Subgraph ID: 13_874	1 63 64 65 66 67 68 69 72 73 74 85 86
Subgraph ID: 13_874	1 63 64 65 66 67 68 69 70 72 73 85 86
Subgraph ID: 13_850	64 65 66 67 68 69 70 71 72 73 74 75 76
Subgraph ID: 13_746	1 63 64 65 66 68 69 70 72 73 74 85 86
Subgraph ID: 13_711	63 64 65 66 68 69 70 72 73 74 75 76 85
Subgraph ID: 13_622	63 64 65 66 67 68 69 72 73 74 75 76 85
Subgraph ID: 13_609	1 63 64 65 66 68 69 72 73 74 75 85 86
Subgraph ID: 13_609	1 63 64 65 66 68 69 70 71 72 73 85 86
Subgraph ID: 13_491	87 88 89 90 91 92 93 94 95 96 97 98 101
Subgraph ID: 13_461	64 65 66 68 69 70 71 72 73 74 75 76 77
Subgraph ID: 13_423	64 65 66 67 68 69 70 72 73 74 75 76 77
Subgraph ID: 13_306	63 64 65 66 68 69 72 73 74 75 76 77 85
Subgraph ID: 13_193	87 88 89 90 91 92 94 95 96 97 98 99 101
Subgraph ID: 13_1268	105 106 107 108 109 110 111 112 113 114 115 116 117
Subgraph ID: 12_68	73 74 75 76 77 78 79 80 81 82 83 84
Subgraph ID: 12_547	105 106 107 108 110 111 112 113 114 115 116 117
Subgraph ID: 12_527	105 106 107 108 109 110 111 112 114 115 116 117
Subgraph ID: 12_527	105 106 107 108 109 110 111 112 113 114 116 117
Subgraph ID: 12_445	64 65 66 67 68 69 70 71 72 73 74 75
Subgraph ID: 12_441	63 64 65 66 67 68 69 70 72 73 74 85
Subgraph ID: 12_379	63 64 65 66 68 69 70 72 73 74 75 85
Subgraph ID: 12_379	63 64 65 66 68 69 70 71 72 73 74 85
Subgraph ID: 12_374	1 63 64 65 66 67 68 69 72 73 85 86
Subgraph ID: 12_358	63 64 65 66 67 68 69 72 73 74 75 85
Subgraph ID: 12_358	63 64 65 66 67 68 69 70 71 72 73 85
Subgraph ID: 12_316	64 65 66 68 69 70 71 72 73 74 75 76
Subgraph ID: 12_312	87 88 89 90 91 92 93 94 95 96 97 101
Subgraph ID: 12_286	64 65 66 67 68 69 70 72 73 74 75 76
Subgraph ID: 12_285	1 63 64 65 66 68 69 72 73 74 85 86
Subgraph ID: 12_285	1 63 64 65 66 68 69 70 72 73 85 86
Subgraph ID: 12_27	88 91 92 93 94 95 96 97 98 99 100 101
Subgraph ID: 12_262	103 104 105 118 119 120 121 122 123 124 125 126
Subgraph ID: 12_213	63 64 65 66 68 69 72 73 74 75 76 85
Subgraph ID: 12_152	64 65 66 68 69 70 72 73 74 75 76 77
Subgraph ID: 12_145	87 88 89 90 91 92 94 95 96 97 98 101
Subgraph ID: 12_114	64 65 66 67 68 69 72 73 74 75 76 77
Subgraph ID: 11_96	87 88 89 90 91 92 94 95 96 97 101
Subgraph ID: 11_82	64 65 66 67 68 69 72 73 74 75 76
Subgraph ID: 11_45	74 75 76 77 78 79 80 81 82 83 84
Subgraph ID: 11_42	64 65 66 68 69 72 73 74 75 76 77
Subgraph ID: 11_33	73 74 75 76 77 78 79 80 81 82 84
Subgraph ID: 11_24	88 91 92 93 94 95 96 97 98 99 101
Subgraph ID: 11_230	105 106 107 110 111 112 113 114 115 116 117
Subgraph ID: 11_230	105 106 107 108 110 111 112 114 115 116 117
Subgraph ID: 11_230	105 106 107 108 110 111 112 113 114 116 117
Subgraph ID: 11_215	105 106 107 108 109 110 111 112 114 116 117
Subgraph ID: 11_179	64 65 66 68 69 70 71 72 73 74 75
Subgraph ID: 11_174	63 64 65 66 67 68 69 72 73 74 85
Subgraph ID: 11_174	63 64 65 66 67 68 69 70 72 73 85
Subgraph ID: 11_168	87 88 89 90 91 92 93 94 95 96 101
Subgraph ID: 11_164	63 64 65 66 68 69 70 72 73 74 85
Subgraph ID: 11_163	64 65 66 67 68 69 70 72 73 74 75
Subgraph ID: 11_163	64 65 66 67 68 69 70 71 72 73 74
Subgraph ID: 11_135	103 104 105 118 119 120 121 122 123 125 126
Subgraph ID: 11_125	63 64 65 66 68 69 72 73 74 75 85
Subgraph ID: 11_125	63 64 65 66 68 69 70 71 72 73 85
Subgraph ID: 11_123	1 63 64 65 66 68 69 72 73 85 86
Subgraph ID: 11_115	103 104 105 118 119 121 122 123 124 125 126
Subgraph ID: 11_114	64 65 66 68 69 70 72 73 74 75 76
Subgraph ID: 11_10	88 91 92 94 95 96 97 98 99 100 101
Subgraph ID: 10_82	87 88 89 90 91 92 93 94 95 101
Subgraph ID: 10_82	63 64 65 66 67 68 69 72 73 85
Subgraph ID: 10_79	64 65 66 67 68 69 70 72 73 74
Subgraph ID: 10_77	64 65 66 68 69 70 72 73 74 75
Subgraph ID: 10_77	64 65 66 68 69 70 71 72 73 74
Subgraph ID: 10_66	63 64 65 66 68 69 72 73 74 85
Subgraph ID: 10_66	63 64 65 66 68 69 70 72 73 85
Subgraph ID: 10_61	103 104 105 118 119 121 122 123 125 126
Subgraph ID: 10_57	87 88 89 90 91 92 94 95 96 101
Subgraph ID: 10_55	64 65 66 67 68 69 72 73 74 75
Subgraph ID: 10_55	64 65 66 67 68 69 70 71 72 73
Subgraph ID: 10_46	103 104 105 118 121 122 123 124 125 126
Subgraph ID: 10_35	64 65 66 68 69 72 73 74 75 76
Subgraph ID: 10_30	75 76 77 78 79 80 81 82 83 84
Subgraph ID: 10_30	74 75 76 77 78 79 80 81 82 84
Subgraph ID: 10_22	88 91 92 93 94 95 96 97 98 101
Subgraph ID: 10_15	73 74 75 76 77 78 79 80 81 84
Subgraph ID: 10_105	105 106 107 110 111 112 114 115 116 117
Subgraph ID: 10_105	105 106 107 110 111 112 113 114 116 117
Subgraph ID: 10_105	105 106 107 108 110 111 112 114 116 117
Subgraph ID: 10_10	88 91 92 94 95 96 97 98 99 101
Subgraph ID: 9_8	88 91 92 94 95 96 97 98 101
Subgraph ID: 9_5	73 74 75 76 77 78 79 80 84
Subgraph ID: 9_47	105 106 107 110 111 112 114 116 117
Subgraph ID: 9_4	50 51 52 53 54 55 56 57 58
Subgraph ID: 9_39	64 65 66 68 69 70 72 73 74
Subgraph ID: 9_31	64 65 66 67 68 69 72 73 74
Subgraph ID: 9_31	64 65 66 67 68 69 70 72 73
Subgraph ID: 9_29	87 88 89 90 91 92 94 95 101
Subgraph ID: 9_29	63 64 65 66 68 69 72 73 85
Subgraph ID: 9_27	64 65 66 68 69 72 73 74 75
Subgraph ID: 9_27	64 65 66 68 69 70 71 72 73
Subgraph ID: 9_25	103 104 105 118 121 122 123 125 126
Subgraph ID: 9_20	75 76 77 78 79 80 81 82 84
Subgraph ID: 9_15	88 91 92 93 94 95 96 97 101
Subgraph ID: 9_13	76 77 78 79 80 81 82 83 84
Subgraph ID: 9_13	74 75 76 77 78 79 80 81 84
Subgraph ID: 9_13	127 128 129 130 131 132 133 134 135
Subgraph ID: 8_8	88 91 92 94 95 96 97 101
Subgraph ID: 8_6	77 78 79 80 81 82 83 84
Subgraph ID: 8_6	74 75 76 77 78 79 80 84
Subgraph ID: 8_6	127 128 129 130 131 132 133 134
Subgraph ID: 8_3	51 52 53 54 55 56 57 58
Subgraph ID: 8_2	50 51 52 53 54 55 56 58
Subgraph ID: 8_17	64 65 66 68 69 72 73 74
Subgraph ID: 8_17	64 65 66 68 69 70 72 73
Subgraph ID: 8_16	33 34 35 36 37 38 39 40
Subgraph ID: 8_15	64 65 66 67 68 69 72 73
Subgraph ID: 8_14	103 104 105 118 119 120 121 126
Subgraph ID: 8_12	76 77 78 79 80 81 82 84
Subgraph ID: 8_12	75 76 77 78 79 80 81 84
Subgraph ID: 8_12	127 128 129 130 131 132 134 135
Subgraph ID: 8_11	88 91 92 93 94 95 96 101
Subgraph ID: 7_9	64 65 66 68 69 72 73
Subgraph ID: 7_7	76 77 78 79 80 81 84
Subgraph ID: 7_7	127 128 129 130 131 134 135
Subgraph ID: 7_6	88 91 92 94 95 96 101
Subgraph ID: 7_6	88 91 92 93 94 95 101
Subgraph ID: 7_6	33 34 35 36 38 39 40
Subgraph ID: 7_6	33 34 35 36 37 38 40
Subgraph ID: 7_5	77 78 79 80 81 82 84
Subgraph ID: 7_5	75 76 77 78 79 80 84
Subgraph ID: 7_5	127 128 129 130 131 132 134
Subgraph ID: 7_3	52 53 54 55 56 57 58
Subgraph ID: 7_2	51 52 53 54 55 56 58
Subgraph ID: 7_10	103 104 105 118 119 121 126
Subgraph ID: 6_6	103 104 105 118 121 126
Subgraph ID: 6_5	77 78 79 80 81 84
Subgraph ID: 6_5	76 77 78 79 80 84
Subgraph ID: 6_5	127 128 129 130 134 135
Subgraph ID: 6_5	127 128 129 130 131 134
Subgraph ID: 6_4	88 91 92 94 95 101
Subgraph ID: 6_4	33 34 35 36 38 40
Subgraph ID: 6_3	53 54 55 56 57 58
Subgraph ID: 6_2	52 53 54 55 56 58
Subgraph ID: 6_1	95 96 97 98 99 100
Subgraph ID: 5_3	77 78 79 80 84
Subgraph ID: 5_3	127 128 129 130 134
Subgraph ID: 5_2	54 55 56 57 58
Subgraph ID: 5_2	53 54 55 56 58
Subgraph ID: 5_2	121 122 123 124 125
Subgraph ID: 5_1	96 97 98 99 100
Subgraph ID: 5_1	95 96 97 98 99
Subgraph ID: 5_1	73 74 75 76 77
Subgraph ID: 5_1	50 51 52 53 54
Subgraph ID: 5_1	43 44 45 46 47
Subgraph ID: 4_2	54 55 56 58
Subgraph ID: 4_2	18 19 20 21
Subgraph ID: 4_2	121 122 123 125
Subgraph ID: 4_1	97 98 99 100
Subgraph ID: 4_1	96 97 98 99
Subgraph ID: 4_1	95 96 97 98
Subgraph ID: 4_1	80 81 82 83
Subgraph ID: 4_1	74 75 76 77
Subgraph ID: 4_1	73 74 75 76
Subgraph ID: 4_1	51 52 53 54
Subgraph ID: 4_1	50 51 52 53
Subgraph ID: 4_1	44 45 46 47
Subgraph ID: 4_1	43 44 45 46
Subgraph ID: 4_1	130 131 132 133
Subgraph ID: 3_1	98 99 100
Subgraph ID: 3_1	97 98 99
Subgraph ID: 3_1	96 97 98
Subgraph ID: 3_1	95 96 97
Subgraph ID: 3_1	81 82 83
Subgraph ID: 3_1	80 81 82
Subgraph ID: 3_1	75 76 77
Subgraph ID: 3_1	74 75 76
Subgraph ID: 3_1	73 74 75
Subgraph ID: 3_1	69 70 71
Subgraph ID: 3_1	52 53 54
Subgraph ID: 3_1	51 52 53
Subgraph ID: 3_1	50 51 52
Subgraph ID: 3_1	45 46 47
Subgraph ID: 3_1	44 45 46
Subgraph ID: 3_1	43 44 45
Subgraph ID: 3_1	139 140 141
Subgraph ID: 3_1	131 132 133
Subgraph ID: 3_1	130 131 132
Subgraph ID: 3_1	118 119 120
Subgraph ID: 3_1	107 108 109
Subgraph ID: 2_1	99 100
Subgraph ID: 2_1	98 99
Subgraph ID: 2_1	97 98
Subgraph ID: 2_1	96 97
Subgraph ID: 2_1	95 96
Subgraph ID: 2_1	92 93
Subgraph ID: 2_1	82 83
Subgraph ID: 2_1	81 82
Subgraph ID: 2_1	80 81
Subgraph ID: 2_1	76 77
Subgraph ID: 2_1	75 76
Subgraph ID: 2_1	74 75
Subgraph ID: 2_1	73 74
Subgraph ID: 2_1	70 71
Subgraph ID: 2_1	7 8
Subgraph ID: 2_1	69 70
Subgraph ID: 2_1	66 67
Subgraph ID: 2_1	60 61
Subgraph ID: 2_1	56 57
Subgraph ID: 2_1	53 54
Subgraph ID: 2_1	52 53
Subgraph ID: 2_1	51 52
Subgraph ID: 2_1	50 51
Subgraph ID: 2_1	46 47
Subgraph ID: 2_1	45 46
Subgraph ID: 2_1	44 45
Subgraph ID: 2_1	43 44
Subgraph ID: 2_1	38 39
Subgraph ID: 2_1	36 37
Subgraph ID: 2_1	29 30
Subgraph ID: 2_1	15 16
Subgraph ID: 2_1	140 141
Subgraph ID: 2_1	139 140
Subgraph ID: 2_1	134 135
Subgraph ID: 2_1	132 133
Subgraph ID: 2_1	131 132
Subgraph ID: 2_1	130 131
Subgraph ID: 2_1	123 124
Subgraph ID: 2_1	12 13
Subgraph ID: 2_1	119 120
Subgraph ID: 2_1	118 119
Subgraph ID: 2_1	114 115
Subgraph ID: 2_1	112 113
Subgraph ID: 2_1	108 109
Subgraph ID: 2_1	107 108
