Subgraph ID: 13_999	65 66 67 68 70 71 72 73 74 75 76 77 87
Subgraph ID: 13_991	65 66 67 68 69 70 71 72 74 75 76 77 87
Subgraph ID: 13_991	65 66 67 68 69 70 71 72 73 74 75 76 87
Subgraph ID: 13_874	1 65 66 67 68 69 70 71 74 75 76 87 88
Subgraph ID: 13_874	1 65 66 67 68 69 70 71 72 74 75 87 88
Subgraph ID: 13_850	66 67 68 69 70 71 72 73 74 75 76 77 78
Subgraph ID: 13_746	1 65 66 67 68 70 71 72 74 75 76 87 88
Subgraph ID: 13_711	65 66 67 68 70 71 72 74 75 76 77 78 87
Subgraph ID: 13_622	65 66 67 68 69 70 71 74 75 76 77 78 87
Subgraph ID: 13_609	1 65 66 67 68 70 71 74 75 76 77 87 88
Subgraph ID: 13_609	1 65 66 67 68 70 71 72 73 74 75 87 88
Subgraph ID: 13_491	89 90 91 92 93 94 95 96 97 98 99 100 102
Subgraph ID: 13_461	66 67 68 70 71 72 73 74 75 76 77 78 79
Subgraph ID: 13_423	66 67 68 69 70 71 72 74 75 76 77 78 79
Subgraph ID: 13_306	65 66 67 68 70 71 74 75 76 77 78 79 87
Subgraph ID: 13_193	89 90 91 92 93 94 96 97 98 99 100 101 102
Subgraph ID: 13_1268	106 107 108 109 110 111 112 113 114 115 116 117 118
Subgraph ID: 12_68	75 76 77 78 79 80 81 82 83 84 85 86
Subgraph ID: 12_547	106 107 108 109 111 112 113 114 115 116 117 118
Subgraph ID: 12_527	106 107 108 109 110 111 112 113 115 116 117 118
Subgraph ID: 12_527	106 107 108 109 110 111 112 113 114 115 117 118
Subgraph ID: 12_445	66 67 68 69 70 71 72 73 74 75 76 77
Subgraph ID: 12_441	65 66 67 68 69 70 71 72 74 75 76 87
Subgraph ID: 12_379	65 66 67 68 70 71 72 74 75 76 77 87
Subgraph ID: 12_379	65 66 67 68 70 71 72 73 74 75 76 87
Subgraph ID: 12_374	1 65 66 67 68 69 70 71 74 75 87 88
Subgraph ID: 12_358	65 66 67 68 69 70 71 74 75 76 77 87
Subgraph ID: 12_358	65 66 67 68 69 70 71 72 73 74 75 87
Subgraph ID: 12_316	66 67 68 70 71 72 73 74 75 76 77 78
Subgraph ID: 12_312	89 90 91 92 93 94 95 96 97 98 99 102
Subgraph ID: 12_286	66 67 68 69 70 71 72 74 75 76 77 78
Subgraph ID: 12_285	1 65 66 67 68 70 71 74 75 76 87 88
Subgraph ID: 12_285	1 65 66 67 68 70 71 72 74 75 87 88
Subgraph ID: 12_262	104 105 106 119 120 121 122 123 124 125 126 127
Subgraph ID: 12_213	65 66 67 68 70 71 74 75 76 77 78 87
Subgraph ID: 12_152	66 67 68 70 71 72 74 75 76 77 78 79
Subgraph ID: 12_145	89 90 91 92 93 94 96 97 98 99 100 102
Subgraph ID: 12_114	66 67 68 69 70 71 74 75 76 77 78 79
Subgraph ID: 11_96	89 90 91 92 93 94 96 97 98 99 102
Subgraph ID: 11_82	66 67 68 69 70 71 74 75 76 77 78
Subgraph ID: 11_45	76 77 78 79 80 81 82 83 84 85 86
Subgraph ID: 11_42	66 67 68 70 71 74 75 76 77 78 79
Subgraph ID: 11_33	75 76 77 78 79 80 81 82 83 84 86
Subgraph ID: 11_24	90 93 94 95 96 97 98 99 100 101 102
Subgraph ID: 11_230	106 107 108 111 112 113 114 115 116 117 118
Subgraph ID: 11_230	106 107 108 109 111 112 113 115 116 117 118
Subgraph ID: 11_230	106 107 108 109 111 112 113 114 115 117 118
Subgraph ID: 11_215	106 107 108 109 110 111 112 113 115 117 118
Subgraph ID: 11_179	66 67 68 70 71 72 73 74 75 76 77
Subgraph ID: 11_174	65 66 67 68 69 70 71 74 75 76 87
Subgraph ID: 11_174	65 66 67 68 69 70 71 72 74 75 87
Subgraph ID: 11_168	89 90 91 92 93 94 95 96 97 98 102
Subgraph ID: 11_164	65 66 67 68 70 71 72 74 75 76 87
Subgraph ID: 11_163	66 67 68 69 70 71 72 74 75 76 77
Subgraph ID: 11_163	66 67 68 69 70 71 72 73 74 75 76
Subgraph ID: 11_135	104 105 106 119 120 121 122 123 124 126 127
Subgraph ID: 11_125	65 66 67 68 70 71 74 75 76 77 87
Subgraph ID: 11_125	65 66 67 68 70 71 72 73 74 75 87
Subgraph ID: 11_123	1 65 66 67 68 70 71 74 75 87 88
Subgraph ID: 11_115	104 105 106 119 120 122 123 124 125 126 127
Subgraph ID: 11_114	66 67 68 70 71 72 74 75 76 77 78
Subgraph ID: 10_82	89 90 91 92 93 94 95 96 97 102
Subgraph ID: 10_82	65 66 67 68 69 70 71 74 75 87
Subgraph ID: 10_79	66 67 68 69 70 71 72 74 75 76
Subgraph ID: 10_77	66 67 68 70 71 72 74 75 76 77
Subgraph ID: 10_77	66 67 68 70 71 72 73 74 75 76
Subgraph ID: 10_66	65 66 67 68 70 71 74 75 76 87
Subgraph ID: 10_66	65 66 67 68 70 71 72 74 75 87
Subgraph ID: 10_61	104 105 106 119 120 122 123 124 126 127
Subgraph ID: 10_57	89 90 91 92 93 94 96 97 98 102
Subgraph ID: 10_55	66 67 68 69 70 71 74 75 76 77
Subgraph ID: 10_55	66 67 68 69 70 71 72 73 74 75
Subgraph ID: 10_46	104 105 106 119 122 123 124 125 126 127
Subgraph ID: 10_4	51 52 53 54 55 56 57 58 59 60
Subgraph ID: 10_35	66 67 68 70 71 74 75 76 77 78
Subgraph ID: 10_30	77 78 79 80 81 82 83 84 85 86
Subgraph ID: 10_30	76 77 78 79 80 81 82 83 84 86
Subgraph ID: 10_22	90 93 94 95 96 97 98 99 100 102
Subgraph ID: 10_15	75 76 77 78 79 80 81 82 83 86
Subgraph ID: 10_105	106 107 108 111 112 113 115 116 117 118
Subgraph ID: 10_105	106 107 108 111 112 113 114 115 117 118
Subgraph ID: 10_105	106 107 108 109 111 112 113 115 117 118
Subgraph ID: 10_10	90 93 94 96 97 98 99 100 101 102
Subgraph ID: 9_8	90 93 94 96 97 98 99 100 102
Subgraph ID: 9_5	75 76 77 78 79 80 81 82 86
Subgraph ID: 9_47	106 107 108 111 112 113 115 117 118
Subgraph ID: 9_4	52 53 54 55 56 57 58 59 60
Subgraph ID: 9_39	66 67 68 70 71 72 74 75 76
Subgraph ID: 9_31	66 67 68 69 70 71 74 75 76
Subgraph ID: 9_31	66 67 68 69 70 71 72 74 75
Subgraph ID: 9_29	89 90 91 92 93 94 96 97 102
Subgraph ID: 9_29	65 66 67 68 70 71 74 75 87
Subgraph ID: 9_27	66 67 68 70 71 74 75 76 77
Subgraph ID: 9_27	66 67 68 70 71 72 73 74 75
Subgraph ID: 9_25	104 105 106 119 122 123 124 126 127
Subgraph ID: 9_20	77 78 79 80 81 82 83 84 86
Subgraph ID: 9_2	51 52 53 54 55 56 57 58 60
Subgraph ID: 9_15	90 93 94 95 96 97 98 99 102
Subgraph ID: 9_13	78 79 80 81 82 83 84 85 86
Subgraph ID: 9_13	76 77 78 79 80 81 82 83 86
Subgraph ID: 9_13	128 129 130 131 132 133 134 135 136
Subgraph ID: 8_8	90 93 94 96 97 98 99 102
Subgraph ID: 8_6	79 80 81 82 83 84 85 86
Subgraph ID: 8_6	76 77 78 79 80 81 82 86
Subgraph ID: 8_6	128 129 130 131 132 133 134 135
Subgraph ID: 8_3	53 54 55 56 57 58 59 60
Subgraph ID: 8_2	52 53 54 55 56 57 58 60
Subgraph ID: 8_17	66 67 68 70 71 74 75 76
Subgraph ID: 8_17	66 67 68 70 71 72 74 75
Subgraph ID: 8_16	34 35 36 37 38 39 40 41
Subgraph ID: 8_15	66 67 68 69 70 71 74 75
Subgraph ID: 8_14	104 105 106 119 120 121 122 127
Subgraph ID: 8_12	78 79 80 81 82 83 84 86
Subgraph ID: 8_12	77 78 79 80 81 82 83 86
Subgraph ID: 8_12	128 129 130 131 132 133 135 136
Subgraph ID: 8_11	90 93 94 95 96 97 98 102
Subgraph ID: 7_9	66 67 68 70 71 74 75
Subgraph ID: 7_7	78 79 80 81 82 83 86
Subgraph ID: 7_7	128 129 130 131 132 135 136
Subgraph ID: 7_6	90 93 94 96 97 98 102
Subgraph ID: 7_6	90 93 94 95 96 97 102
Subgraph ID: 7_6	34 35 36 37 39 40 41
Subgraph ID: 7_6	34 35 36 37 38 39 41
Subgraph ID: 7_6	1 2 3 4 5 25 26
Subgraph ID: 7_5	79 80 81 82 83 84 86
Subgraph ID: 7_5	77 78 79 80 81 82 86
Subgraph ID: 7_5	128 129 130 131 132 133 135
Subgraph ID: 7_3	54 55 56 57 58 59 60
Subgraph ID: 7_2	53 54 55 56 57 58 60
Subgraph ID: 7_10	104 105 106 119 120 122 127
Subgraph ID: 6_6	104 105 106 119 122 127
Subgraph ID: 6_5	79 80 81 82 83 86
Subgraph ID: 6_5	78 79 80 81 82 86
Subgraph ID: 6_5	128 129 130 131 135 136
Subgraph ID: 6_5	128 129 130 131 132 135
Subgraph ID: 6_4	90 93 94 96 97 102
Subgraph ID: 6_4	34 35 36 37 39 41
Subgraph ID: 6_4	1 2 3 4 25 26
Subgraph ID: 6_3	55 56 57 58 59 60
Subgraph ID: 6_2	54 55 56 57 58 60
Subgraph ID: 6_1	51 52 53 54 55 56
Subgraph ID: 5_3	79 80 81 82 86
Subgraph ID: 5_3	128 129 130 131 135
Subgraph ID: 5_2	56 57 58 59 60
Subgraph ID: 5_2	55 56 57 58 60
Subgraph ID: 5_2	122 123 124 125 126
Subgraph ID: 5_1	97 98 99 100 101
Subgraph ID: 5_1	75 76 77 78 79
Subgraph ID: 5_1	52 53 54 55 56
Subgraph ID: 5_1	51 52 53 54 55
Subgraph ID: 5_1	44 45 46 47 48
Subgraph ID: 4_2	56 57 58 60
Subgraph ID: 4_2	19 20 21 22
Subgraph ID: 4_2	122 123 124 126
Subgraph ID: 4_1	98 99 100 101
Subgraph ID: 4_1	97 98 99 100
Subgraph ID: 4_1	82 83 84 85
Subgraph ID: 4_1	76 77 78 79
Subgraph ID: 4_1	75 76 77 78
Subgraph ID: 4_1	53 54 55 56
Subgraph ID: 4_1	52 53 54 55
Subgraph ID: 4_1	51 52 53 54
Subgraph ID: 4_1	45 46 47 48
Subgraph ID: 4_1	44 45 46 47
Subgraph ID: 4_1	131 132 133 134
Subgraph ID: 3_1	99 100 101
Subgraph ID: 3_1	98 99 100
Subgraph ID: 3_1	97 98 99
Subgraph ID: 3_1	83 84 85
Subgraph ID: 3_1	82 83 84
Subgraph ID: 3_1	77 78 79
Subgraph ID: 3_1	76 77 78
Subgraph ID: 3_1	75 76 77
Subgraph ID: 3_1	71 72 73
Subgraph ID: 3_1	54 55 56
Subgraph ID: 3_1	53 54 55
Subgraph ID: 3_1	52 53 54
Subgraph ID: 3_1	51 52 53
Subgraph ID: 3_1	46 47 48
Subgraph ID: 3_1	45 46 47
Subgraph ID: 3_1	44 45 46
Subgraph ID: 3_1	140 141 142
Subgraph ID: 3_1	132 133 134
Subgraph ID: 3_1	131 132 133
Subgraph ID: 3_1	119 120 121
Subgraph ID: 3_1	108 109 110
Subgraph ID: 2_1	99 100
Subgraph ID: 2_1	98 99
Subgraph ID: 2_1	97 98
Subgraph ID: 2_1	94 95
Subgraph ID: 2_1	9 10
Subgraph ID: 2_1	84 85
Subgraph ID: 2_1	83 84
Subgraph ID: 2_1	82 83
Subgraph ID: 2_1	78 79
Subgraph ID: 2_1	77 78
Subgraph ID: 2_1	76 77
Subgraph ID: 2_1	75 76
Subgraph ID: 2_1	72 73
Subgraph ID: 2_1	71 72
Subgraph ID: 2_1	68 69
Subgraph ID: 2_1	62 63
Subgraph ID: 2_1	58 59
Subgraph ID: 2_1	55 56
Subgraph ID: 2_1	54 55
Subgraph ID: 2_1	53 54
Subgraph ID: 2_1	52 53
Subgraph ID: 2_1	51 52
Subgraph ID: 2_1	47 48
Subgraph ID: 2_1	46 47
Subgraph ID: 2_1	45 46
Subgraph ID: 2_1	44 45
Subgraph ID: 2_1	4 5
Subgraph ID: 2_1	39 40
Subgraph ID: 2_1	37 38
Subgraph ID: 2_1	30 31
Subgraph ID: 2_1	16 17
Subgraph ID: 2_1	141 142
Subgraph ID: 2_1	140 141
Subgraph ID: 2_1	135 136
Subgraph ID: 2_1	133 134
Subgraph ID: 2_1	132 133
Subgraph ID: 2_1	131 132
Subgraph ID: 2_1	124 125
Subgraph ID: 2_1	120 121
Subgraph ID: 2_1	119 120
Subgraph ID: 2_1	115 116
Subgraph ID: 2_1	113 114
Subgraph ID: 2_1	109 110
Subgraph ID: 2_1	108 109
Subgraph ID: 2_1	100 101
