Subgraph ID: 13_991	14 17 18 22 23 24 27 28 29 30 31 32 33
Subgraph ID: 13_979	14 17 18 19 22 23 24 27 28 29 30 31 33
Subgraph ID: 13_883	14 17 18 22 23 24 25 27 28 30 31 32 33
Subgraph ID: 13_871	76 77 78 79 80 81 82 83 84 85 86 87 88
Subgraph ID: 13_857	14 17 18 19 20 22 23 24 25 27 28 30 33
Subgraph ID: 13_845	14 17 18 19 22 23 24 25 26 27 28 30 33
Subgraph ID: 13_822	14 17 18 19 22 23 24 27 28 30 31 32 33
Subgraph ID: 13_817	95 96 97 98 99 101 102 103 104 105 106 107 108
Subgraph ID: 13_817	94 95 96 97 98 101 102 103 104 105 106 107 108
Subgraph ID: 13_801	14 17 18 22 23 24 25 26 27 28 30 31 33
Subgraph ID: 13_801	14 17 18 22 23 24 25 26 27 28 29 30 33
Subgraph ID: 13_799	14 17 18 19 22 23 27 28 29 30 31 32 33
Subgraph ID: 13_785	94 95 96 97 98 99 101 102 103 104 106 107 108
Subgraph ID: 13_785	94 95 96 97 98 99 101 102 103 104 105 106 108
Subgraph ID: 13_758	14 17 18 19 20 22 23 24 27 28 30 31 33
Subgraph ID: 13_758	14 17 18 19 20 22 23 24 27 28 29 30 33
Subgraph ID: 13_749	94 95 96 97 98 99 100 101 102 103 104 106 108
Subgraph ID: 13_635	14 17 18 19 20 22 23 27 28 29 30 31 33
Subgraph ID: 13_626	95 96 97 98 99 100 101 102 103 104 106 107 108
Subgraph ID: 13_626	95 96 97 98 99 100 101 102 103 104 105 106 108
Subgraph ID: 13_517	17 22 23 24 25 26 27 28 29 30 31 32 33
Subgraph ID: 13_511	14 17 18 19 20 22 23 27 28 30 31 32 33
Subgraph ID: 13_491	14 17 18 19 20 21 22 23 24 27 28 30 33
Subgraph ID: 13_366	14 17 18 19 20 21 22 23 27 28 30 31 33
Subgraph ID: 13_366	14 17 18 19 20 21 22 23 27 28 29 30 33
Subgraph ID: 13_1274	14 35 36 45 52 53 54 61 62 63 69 70 72
Subgraph ID: 13_1274	14 35 36 45 52 53 54 61 62 63 64 69 72
Subgraph ID: 13_1274	14 35 36 45 52 53 54 55 61 62 63 69 72
Subgraph ID: 13_1259	14 35 36 45 52 53 54 61 62 63 69 72 73
Subgraph ID: 13_1259	14 35 36 45 46 52 53 54 61 62 63 69 72
Subgraph ID: 13_1079	14 17 18 19 22 23 24 25 27 28 30 31 33
Subgraph ID: 13_1079	14 17 18 19 22 23 24 25 27 28 29 30 33
Subgraph ID: 13_1053	14 17 18 22 23 24 25 27 28 29 30 31 33
Subgraph ID: 12_533	14 35 36 45 52 53 54 61 62 63 69 72
Subgraph ID: 12_452	76 77 78 79 80 81 82 83 84 85 86 87
Subgraph ID: 12_446	14 17 18 19 22 23 24 25 27 28 30 33
Subgraph ID: 12_441	14 17 18 22 23 24 27 28 29 30 31 33
Subgraph ID: 12_429	14 17 18 22 23 24 25 27 28 30 31 33
Subgraph ID: 12_429	14 17 18 22 23 24 25 27 28 29 30 33
Subgraph ID: 12_396	14 17 18 19 22 23 24 27 28 30 31 33
Subgraph ID: 12_396	14 17 18 19 22 23 24 27 28 29 30 33
Subgraph ID: 12_379	14 17 18 22 23 27 28 29 30 31 32 33
Subgraph ID: 12_378	95 96 97 98 101 102 103 104 105 106 107 108
Subgraph ID: 12_358	14 17 18 22 23 24 27 28 30 31 32 33
Subgraph ID: 12_351	76 77 78 80 81 82 83 84 85 86 87 88
Subgraph ID: 12_341	14 17 18 19 22 23 27 28 29 30 31 33
Subgraph ID: 12_334	94 95 96 97 98 99 101 102 103 104 106 108
Subgraph ID: 12_321	17 22 23 24 25 27 28 29 30 31 32 33
Subgraph ID: 12_315	95 96 97 98 99 101 102 103 104 106 107 108
Subgraph ID: 12_315	95 96 97 98 99 101 102 103 104 105 106 108
Subgraph ID: 12_315	94 95 96 97 98 101 102 103 104 106 107 108
Subgraph ID: 12_315	94 95 96 97 98 101 102 103 104 105 106 108
Subgraph ID: 12_312	14 17 18 19 20 22 23 24 27 28 30 33
Subgraph ID: 12_309	14 17 18 22 23 24 25 26 27 28 30 33
Subgraph ID: 12_288	76 77 78 79 80 81 82 84 85 86 87 88
Subgraph ID: 12_269	14 17 18 19 22 23 27 28 30 31 32 33
Subgraph ID: 12_250	95 96 97 98 99 100 101 102 103 104 106 108
Subgraph ID: 12_235	14 17 18 19 20 22 23 27 28 30 31 33
Subgraph ID: 12_235	14 17 18 19 20 22 23 27 28 29 30 33
Subgraph ID: 12_203	17 22 23 24 25 26 27 28 29 30 31 33
Subgraph ID: 12_156	17 22 23 24 25 26 27 28 30 31 32 33
Subgraph ID: 12_145	14 17 18 19 20 21 22 23 27 28 30 33
Subgraph ID: 11_96	14 17 18 19 20 22 23 27 28 30 33
Subgraph ID: 11_68	17 22 23 24 25 26 27 28 30 31 33
Subgraph ID: 11_68	17 22 23 24 25 26 27 28 29 30 33
Subgraph ID: 11_202	76 77 78 79 80 81 82 83 84 85 86
Subgraph ID: 11_200	76 77 78 80 81 82 83 84 85 86 87
Subgraph ID: 11_184	14 17 18 22 23 24 25 27 28 30 33
Subgraph ID: 11_174	14 17 18 22 23 24 27 28 30 31 33
Subgraph ID: 11_174	14 17 18 22 23 24 27 28 29 30 33
Subgraph ID: 11_168	14 17 18 19 22 23 24 27 28 30 33
Subgraph ID: 11_165	76 77 78 79 80 81 82 84 85 86 87
Subgraph ID: 11_164	14 17 18 22 23 27 28 29 30 31 33
Subgraph ID: 11_163	17 22 23 24 27 28 29 30 31 32 33
Subgraph ID: 11_140	95 96 97 98 101 102 103 104 106 107 108
Subgraph ID: 11_140	95 96 97 98 101 102 103 104 105 106 108
Subgraph ID: 11_136	17 22 23 24 25 27 28 29 30 31 33
Subgraph ID: 11_131	14 17 18 19 22 23 27 28 30 31 33
Subgraph ID: 11_131	14 17 18 19 22 23 27 28 29 30 33
Subgraph ID: 11_126	95 96 97 98 99 101 102 103 104 106 108
Subgraph ID: 11_126	94 95 96 97 98 101 102 103 104 106 108
Subgraph ID: 11_125	14 17 18 22 23 27 28 30 31 32 33
Subgraph ID: 11_119	76 77 78 80 81 82 84 85 86 87 88
Subgraph ID: 11_103	17 22 23 24 25 27 28 30 31 32 33
Subgraph ID: 10_98	76 77 78 80 81 82 83 84 85 86
Subgraph ID: 10_83	76 77 78 79 80 81 82 84 85 86
Subgraph ID: 10_83	76 77 78 79 80 81 82 83 84 85
Subgraph ID: 10_82	14 17 18 22 23 24 27 28 30 33
Subgraph ID: 10_79	17 22 23 24 27 28 29 30 31 33
Subgraph ID: 10_78	76 77 78 80 81 82 84 85 86 87
Subgraph ID: 10_77	17 22 23 27 28 29 30 31 32 33
Subgraph ID: 10_66	14 17 18 22 23 27 28 30 31 33
Subgraph ID: 10_66	14 17 18 22 23 27 28 29 30 33
Subgraph ID: 10_59	95 96 97 98 101 102 103 104 106 108
Subgraph ID: 10_57	14 17 18 19 22 23 27 28 30 33
Subgraph ID: 10_55	17 22 23 24 27 28 30 31 32 33
Subgraph ID: 10_48	17 22 23 24 25 27 28 30 31 33
Subgraph ID: 10_48	17 22 23 24 25 27 28 29 30 33
Subgraph ID: 10_26	17 22 23 24 25 26 27 28 30 33
Subgraph ID: 9_40	76 77 78 80 81 82 84 85 86
Subgraph ID: 9_40	76 77 78 80 81 82 83 84 85
Subgraph ID: 9_39	17 22 23 27 28 29 30 31 33
Subgraph ID: 9_37	76 77 78 79 80 81 82 84 85
Subgraph ID: 9_32	36 37 38 39 40 41 42 43 44
Subgraph ID: 9_31	17 22 23 24 27 28 30 31 33
Subgraph ID: 9_31	17 22 23 24 27 28 29 30 33
Subgraph ID: 9_29	14 17 18 22 23 27 28 30 33
Subgraph ID: 9_27	17 22 23 27 28 30 31 32 33
Subgraph ID: 9_21	17 22 23 24 25 27 28 30 33
Subgraph ID: 9_13	128 129 130 131 132 133 134 135 136
Subgraph ID: 8_6	85 86 87 88 89 90 91 92
Subgraph ID: 8_6	128 129 130 131 132 133 134 135
Subgraph ID: 8_21	36 37 38 39 40 41 43 44
Subgraph ID: 8_21	101 102 103 104 105 106 107 108
Subgraph ID: 8_19	76 77 78 80 81 82 84 85
Subgraph ID: 8_17	17 22 23 27 28 30 31 33
Subgraph ID: 8_17	17 22 23 27 28 29 30 33
Subgraph ID: 8_15	17 22 23 24 27 28 30 33
Subgraph ID: 8_14	36 37 38 39 40 41 42 43
Subgraph ID: 8_12	94 95 96 97 98 99 100 101
Subgraph ID: 8_12	128 129 130 131 132 133 135 136
Subgraph ID: 8_11	110 111 112 113 114 115 116 117
Subgraph ID: 7_9	17 22 23 27 28 30 33
Subgraph ID: 7_8	45 46 47 48 49 50 51
Subgraph ID: 7_7	94 95 96 97 98 99 101
Subgraph ID: 7_7	128 129 130 131 132 135 136
Subgraph ID: 7_6	110 111 112 114 115 116 117
Subgraph ID: 7_6	110 111 112 113 114 115 116
Subgraph ID: 7_5	95 96 97 98 99 100 101
Subgraph ID: 7_5	86 87 88 89 90 91 92
Subgraph ID: 7_5	128 129 130 131 132 133 135
Subgraph ID: 7_3	54 55 56 57 58 59 60
Subgraph ID: 7_10	36 37 38 39 40 43 44
Subgraph ID: 7_10	36 37 38 39 40 41 43
Subgraph ID: 7_10	101 102 103 104 106 107 108
Subgraph ID: 7_10	101 102 103 104 105 106 108
Subgraph ID: 6_6	36 37 38 39 40 43
Subgraph ID: 6_6	101 102 103 104 106 108
Subgraph ID: 6_5	95 96 97 98 99 101
Subgraph ID: 6_5	94 95 96 97 98 101
Subgraph ID: 6_5	87 88 89 90 91 92
Subgraph ID: 6_5	128 129 130 131 135 136
Subgraph ID: 6_5	128 129 130 131 132 135
Subgraph ID: 6_4	110 111 112 114 115 116
Subgraph ID: 6_3	54 55 56 57 58 60
Subgraph ID: 6_3	46 47 48 49 50 51
Subgraph ID: 6_3	45 46 47 48 50 51
Subgraph ID: 6_3	45 46 47 48 49 50
Subgraph ID: 6_3	137 138 139 140 141 142
Subgraph ID: 6_2	55 56 57 58 59 60
Subgraph ID: 6_1	63 64 65 66 67 68
Subgraph ID: 5_3	95 96 97 98 101
Subgraph ID: 5_3	88 89 90 91 92
Subgraph ID: 5_3	128 129 130 131 135
Subgraph ID: 5_2	8 9 10 11 12
Subgraph ID: 5_2	55 56 57 58 60
Subgraph ID: 5_2	54 55 56 57 60
Subgraph ID: 5_2	46 47 48 50 51
Subgraph ID: 5_2	46 47 48 49 50
Subgraph ID: 5_2	45 46 47 48 50
Subgraph ID: 5_2	137 138 139 141 142
Subgraph ID: 5_2	137 138 139 140 141
Subgraph ID: 5_1	64 65 66 67 68
Subgraph ID: 5_1	63 64 65 66 67
Subgraph ID: 4_2	9 10 11 12
Subgraph ID: 4_2	55 56 57 60
Subgraph ID: 4_2	46 47 48 50
Subgraph ID: 4_2	137 138 139 141
Subgraph ID: 4_1	85 86 87 88
Subgraph ID: 4_1	65 66 67 68
Subgraph ID: 4_1	64 65 66 67
Subgraph ID: 4_1	63 64 65 66
Subgraph ID: 4_1	23 24 25 26
Subgraph ID: 4_1	18 19 20 21
Subgraph ID: 4_1	131 132 133 134
Subgraph ID: 3_1	98 99 100
Subgraph ID: 3_1	86 87 88
Subgraph ID: 3_1	85 86 87
Subgraph ID: 3_1	72 73 74
Subgraph ID: 3_1	69 70 71
Subgraph ID: 3_1	66 67 68
Subgraph ID: 3_1	65 66 67
Subgraph ID: 3_1	64 65 66
Subgraph ID: 3_1	63 64 65
Subgraph ID: 3_1	57 58 59
Subgraph ID: 3_1	40 41 42
Subgraph ID: 3_1	30 31 32
Subgraph ID: 3_1	24 25 26
Subgraph ID: 3_1	23 24 25
Subgraph ID: 3_1	19 20 21
Subgraph ID: 3_1	18 19 20
Subgraph ID: 3_1	143 144 145
Subgraph ID: 3_1	132 133 134
Subgraph ID: 3_1	131 132 133
Subgraph ID: 3_1	121 122 123
Subgraph ID: 2_1	99 100
Subgraph ID: 2_1	98 99
Subgraph ID: 2_1	94 95
Subgraph ID: 2_1	87 88
Subgraph ID: 2_1	86 87
Subgraph ID: 2_1	85 86
Subgraph ID: 2_1	82 83
Subgraph ID: 2_1	8 9
Subgraph ID: 2_1	78 79
Subgraph ID: 2_1	73 74
Subgraph ID: 2_1	72 73
Subgraph ID: 2_1	70 71
Subgraph ID: 2_1	69 70
Subgraph ID: 2_1	67 68
Subgraph ID: 2_1	66 67
Subgraph ID: 2_1	65 66
Subgraph ID: 2_1	64 65
Subgraph ID: 2_1	63 64
Subgraph ID: 2_1	6 7
Subgraph ID: 2_1	58 59
Subgraph ID: 2_1	57 58
Subgraph ID: 2_1	54 55
Subgraph ID: 2_1	50 51
Subgraph ID: 2_1	48 49
Subgraph ID: 2_1	45 46
Subgraph ID: 2_1	43 44
Subgraph ID: 2_1	41 42
Subgraph ID: 2_1	40 41
Subgraph ID: 2_1	31 32
Subgraph ID: 2_1	30 31
Subgraph ID: 2_1	28 29
Subgraph ID: 2_1	25 26
Subgraph ID: 2_1	24 25
Subgraph ID: 2_1	23 24
Subgraph ID: 2_1	20 21
Subgraph ID: 2_1	19 20
Subgraph ID: 2_1	18 19
Subgraph ID: 2_1	144 145
Subgraph ID: 2_1	143 144
Subgraph ID: 2_1	141 142
Subgraph ID: 2_1	139 140
Subgraph ID: 2_1	135 136
Subgraph ID: 2_1	133 134
Subgraph ID: 2_1	132 133
Subgraph ID: 2_1	131 132
Subgraph ID: 2_1	122 123
Subgraph ID: 2_1	121 122
Subgraph ID: 2_1	116 117
Subgraph ID: 2_1	112 113
Subgraph ID: 2_1	106 107
Subgraph ID: 2_1	104 105
Subgraph ID: 2_1	0 1
