Subgraph ID: 13_991	18 21 22 26 27 28 31 32 33 34 35 36 37
Subgraph ID: 13_979	18 21 22 23 26 27 28 31 32 33 34 35 37
Subgraph ID: 13_883	18 21 22 26 27 28 29 31 32 34 35 36 37
Subgraph ID: 13_871	79 80 81 82 83 84 85 86 87 88 89 90 91
Subgraph ID: 13_857	18 21 22 23 24 26 27 28 29 31 32 34 37
Subgraph ID: 13_845	18 21 22 23 26 27 28 29 30 31 32 34 37
Subgraph ID: 13_822	18 21 22 23 26 27 28 31 32 34 35 36 37
Subgraph ID: 13_817	98 99 100 101 102 104 105 106 107 108 109 110 111
Subgraph ID: 13_817	97 98 99 100 101 104 105 106 107 108 109 110 111
Subgraph ID: 13_801	18 21 22 26 27 28 29 30 31 32 34 35 37
Subgraph ID: 13_801	18 21 22 26 27 28 29 30 31 32 33 34 37
Subgraph ID: 13_799	18 21 22 23 26 27 31 32 33 34 35 36 37
Subgraph ID: 13_785	97 98 99 100 101 102 104 105 106 107 109 110 111
Subgraph ID: 13_785	97 98 99 100 101 102 104 105 106 107 108 109 111
Subgraph ID: 13_758	18 21 22 23 24 26 27 28 31 32 34 35 37
Subgraph ID: 13_758	18 21 22 23 24 26 27 28 31 32 33 34 37
Subgraph ID: 13_749	97 98 99 100 101 102 103 104 105 106 107 109 111
Subgraph ID: 13_635	18 21 22 23 24 26 27 31 32 33 34 35 37
Subgraph ID: 13_626	98 99 100 101 102 103 104 105 106 107 109 110 111
Subgraph ID: 13_626	98 99 100 101 102 103 104 105 106 107 108 109 111
Subgraph ID: 13_517	21 26 27 28 29 30 31 32 33 34 35 36 37
Subgraph ID: 13_511	18 21 22 23 24 26 27 31 32 34 35 36 37
Subgraph ID: 13_491	18 21 22 23 24 25 26 27 28 31 32 34 37
Subgraph ID: 13_367	18 21 22 23 24 25 26 27 31 32 34 35 37
Subgraph ID: 13_367	18 21 22 23 24 25 26 27 31 32 33 34 37
Subgraph ID: 13_1274	18 39 40 49 56 57 58 65 66 67 73 74 75
Subgraph ID: 13_1274	18 39 40 49 56 57 58 65 66 67 68 73 75
Subgraph ID: 13_1274	18 39 40 49 56 57 58 59 65 66 67 73 75
Subgraph ID: 13_1259	18 39 40 49 56 57 58 65 66 67 73 75 76
Subgraph ID: 13_1259	18 39 40 49 50 56 57 58 65 66 67 73 75
Subgraph ID: 13_1079	18 21 22 23 26 27 28 29 31 32 34 35 37
Subgraph ID: 13_1079	18 21 22 23 26 27 28 29 31 32 33 34 37
Subgraph ID: 13_1053	18 21 22 26 27 28 29 31 32 33 34 35 37
Subgraph ID: 12_533	18 39 40 49 56 57 58 65 66 67 73 75
Subgraph ID: 12_452	79 80 81 82 83 84 85 86 87 88 89 90
Subgraph ID: 12_446	18 21 22 23 26 27 28 29 31 32 34 37
Subgraph ID: 12_441	18 21 22 26 27 28 31 32 33 34 35 37
Subgraph ID: 12_429	18 21 22 26 27 28 29 31 32 34 35 37
Subgraph ID: 12_429	18 21 22 26 27 28 29 31 32 33 34 37
Subgraph ID: 12_396	18 21 22 23 26 27 28 31 32 34 35 37
Subgraph ID: 12_396	18 21 22 23 26 27 28 31 32 33 34 37
Subgraph ID: 12_379	18 21 22 26 27 31 32 33 34 35 36 37
Subgraph ID: 12_378	98 99 100 101 104 105 106 107 108 109 110 111
Subgraph ID: 12_358	18 21 22 26 27 28 31 32 34 35 36 37
Subgraph ID: 12_351	79 80 81 83 84 85 86 87 88 89 90 91
Subgraph ID: 12_341	18 21 22 23 26 27 31 32 33 34 35 37
Subgraph ID: 12_334	97 98 99 100 101 102 104 105 106 107 109 111
Subgraph ID: 12_321	21 26 27 28 29 31 32 33 34 35 36 37
Subgraph ID: 12_315	98 99 100 101 102 104 105 106 107 109 110 111
Subgraph ID: 12_315	98 99 100 101 102 104 105 106 107 108 109 111
Subgraph ID: 12_315	97 98 99 100 101 104 105 106 107 109 110 111
Subgraph ID: 12_315	97 98 99 100 101 104 105 106 107 108 109 111
Subgraph ID: 12_312	18 21 22 23 24 26 27 28 31 32 34 37
Subgraph ID: 12_309	18 21 22 26 27 28 29 30 31 32 34 37
Subgraph ID: 12_288	79 80 81 82 83 84 85 87 88 89 90 91
Subgraph ID: 12_269	18 21 22 23 26 27 31 32 34 35 36 37
Subgraph ID: 12_250	98 99 100 101 102 103 104 105 106 107 109 111
Subgraph ID: 12_235	18 21 22 23 24 26 27 31 32 34 35 37
Subgraph ID: 12_235	18 21 22 23 24 26 27 31 32 33 34 37
Subgraph ID: 12_203	21 26 27 28 29 30 31 32 33 34 35 37
Subgraph ID: 12_156	21 26 27 28 29 30 31 32 34 35 36 37
Subgraph ID: 12_145	18 21 22 23 24 25 26 27 31 32 34 37
Subgraph ID: 11_96	18 21 22 23 24 26 27 31 32 34 37
Subgraph ID: 11_68	21 26 27 28 29 30 31 32 34 35 37
Subgraph ID: 11_68	21 26 27 28 29 30 31 32 33 34 37
Subgraph ID: 11_202	79 80 81 82 83 84 85 86 87 88 89
Subgraph ID: 11_200	79 80 81 83 84 85 86 87 88 89 90
Subgraph ID: 11_184	18 21 22 26 27 28 29 31 32 34 37
Subgraph ID: 11_174	18 21 22 26 27 28 31 32 34 35 37
Subgraph ID: 11_174	18 21 22 26 27 28 31 32 33 34 37
Subgraph ID: 11_168	18 21 22 23 26 27 28 31 32 34 37
Subgraph ID: 11_165	79 80 81 82 83 84 85 87 88 89 90
Subgraph ID: 11_164	18 21 22 26 27 31 32 33 34 35 37
Subgraph ID: 11_163	21 26 27 28 31 32 33 34 35 36 37
Subgraph ID: 11_140	98 99 100 101 104 105 106 107 109 110 111
Subgraph ID: 11_140	98 99 100 101 104 105 106 107 108 109 111
Subgraph ID: 11_136	21 26 27 28 29 31 32 33 34 35 37
Subgraph ID: 11_131	18 21 22 23 26 27 31 32 34 35 37
Subgraph ID: 11_131	18 21 22 23 26 27 31 32 33 34 37
Subgraph ID: 11_126	98 99 100 101 102 104 105 106 107 109 111
Subgraph ID: 11_126	97 98 99 100 101 104 105 106 107 109 111
Subgraph ID: 11_125	18 21 22 26 27 31 32 34 35 36 37
Subgraph ID: 11_119	79 80 81 83 84 85 87 88 89 90 91
Subgraph ID: 11_103	21 26 27 28 29 31 32 34 35 36 37
Subgraph ID: 10_98	79 80 81 83 84 85 86 87 88 89
Subgraph ID: 10_83	79 80 81 82 83 84 85 87 88 89
Subgraph ID: 10_83	79 80 81 82 83 84 85 86 87 88
Subgraph ID: 10_82	18 21 22 26 27 28 31 32 34 37
Subgraph ID: 10_79	21 26 27 28 31 32 33 34 35 37
Subgraph ID: 10_78	79 80 81 83 84 85 87 88 89 90
Subgraph ID: 10_77	21 26 27 31 32 33 34 35 36 37
Subgraph ID: 10_66	18 21 22 26 27 31 32 34 35 37
Subgraph ID: 10_66	18 21 22 26 27 31 32 33 34 37
Subgraph ID: 10_59	98 99 100 101 104 105 106 107 109 111
Subgraph ID: 10_57	18 21 22 23 26 27 31 32 34 37
Subgraph ID: 10_55	21 26 27 28 31 32 34 35 36 37
Subgraph ID: 10_48	21 26 27 28 29 31 32 34 35 37
Subgraph ID: 10_48	21 26 27 28 29 31 32 33 34 37
Subgraph ID: 10_26	21 26 27 28 29 30 31 32 34 37
Subgraph ID: 9_40	79 80 81 83 84 85 87 88 89
Subgraph ID: 9_40	79 80 81 83 84 85 86 87 88
Subgraph ID: 9_39	21 26 27 31 32 33 34 35 37
Subgraph ID: 9_37	79 80 81 82 83 84 85 87 88
Subgraph ID: 9_32	40 41 42 43 44 45 46 47 48
Subgraph ID: 9_31	21 26 27 28 31 32 34 35 37
Subgraph ID: 9_31	21 26 27 28 31 32 33 34 37
Subgraph ID: 9_29	18 21 22 26 27 31 32 34 37
Subgraph ID: 9_27	21 26 27 31 32 34 35 36 37
Subgraph ID: 9_21	21 26 27 28 29 31 32 34 37
Subgraph ID: 9_13	130 131 132 133 134 135 136 137 138
Subgraph ID: 8_6	88 89 90 91 92 93 94 95
Subgraph ID: 8_6	130 131 132 133 134 135 136 137
Subgraph ID: 8_21	40 41 42 43 44 45 47 48
Subgraph ID: 8_21	104 105 106 107 108 109 110 111
Subgraph ID: 8_19	79 80 81 83 84 85 87 88
Subgraph ID: 8_17	21 26 27 31 32 34 35 37
Subgraph ID: 8_17	21 26 27 31 32 33 34 37
Subgraph ID: 8_15	21 26 27 28 31 32 34 37
Subgraph ID: 8_14	40 41 42 43 44 45 46 47
Subgraph ID: 8_12	97 98 99 100 101 102 103 104
Subgraph ID: 8_12	130 131 132 133 134 135 137 138
Subgraph ID: 7_9	21 26 27 31 32 34 37
Subgraph ID: 7_8	49 50 51 52 53 54 55
Subgraph ID: 7_7	97 98 99 100 101 102 104
Subgraph ID: 7_7	130 131 132 133 134 137 138
Subgraph ID: 7_7	113 114 115 116 117 118 119
Subgraph ID: 7_5	98 99 100 101 102 103 104
Subgraph ID: 7_5	89 90 91 92 93 94 95
Subgraph ID: 7_5	130 131 132 133 134 135 137
Subgraph ID: 7_3	58 59 60 61 62 63 64
Subgraph ID: 7_10	40 41 42 43 44 47 48
Subgraph ID: 7_10	40 41 42 43 44 45 47
Subgraph ID: 7_10	104 105 106 107 109 110 111
Subgraph ID: 7_10	104 105 106 107 108 109 111
Subgraph ID: 6_6	40 41 42 43 44 47
Subgraph ID: 6_6	104 105 106 107 109 111
Subgraph ID: 6_5	98 99 100 101 102 104
Subgraph ID: 6_5	97 98 99 100 101 104
Subgraph ID: 6_5	90 91 92 93 94 95
Subgraph ID: 6_5	130 131 132 133 137 138
Subgraph ID: 6_5	130 131 132 133 134 137
Subgraph ID: 6_5	113 114 115 117 118 119
Subgraph ID: 6_5	113 114 115 116 117 118
Subgraph ID: 6_3	58 59 60 61 62 64
Subgraph ID: 6_3	50 51 52 53 54 55
Subgraph ID: 6_3	49 50 51 52 54 55
Subgraph ID: 6_3	49 50 51 52 53 54
Subgraph ID: 6_3	139 140 141 142 143 144
Subgraph ID: 6_2	59 60 61 62 63 64
Subgraph ID: 6_1	67 68 69 70 71 72
Subgraph ID: 5_3	98 99 100 101 104
Subgraph ID: 5_3	91 92 93 94 95
Subgraph ID: 5_3	130 131 132 133 137
Subgraph ID: 5_3	113 114 115 117 118
Subgraph ID: 5_2	59 60 61 62 64
Subgraph ID: 5_2	58 59 60 61 64
Subgraph ID: 5_2	50 51 52 54 55
Subgraph ID: 5_2	50 51 52 53 54
Subgraph ID: 5_2	49 50 51 52 54
Subgraph ID: 5_2	139 140 141 143 144
Subgraph ID: 5_2	139 140 141 142 143
Subgraph ID: 5_2	12 13 14 15 16
Subgraph ID: 5_1	68 69 70 71 72
Subgraph ID: 5_1	67 68 69 70 71
Subgraph ID: 4_2	59 60 61 64
Subgraph ID: 4_2	50 51 52 54
Subgraph ID: 4_2	139 140 141 143
Subgraph ID: 4_2	13 14 15 16
Subgraph ID: 4_1	88 89 90 91
Subgraph ID: 4_1	69 70 71 72
Subgraph ID: 4_1	68 69 70 71
Subgraph ID: 4_1	67 68 69 70
Subgraph ID: 4_1	27 28 29 30
Subgraph ID: 4_1	22 23 24 25
Subgraph ID: 4_1	133 134 135 136
Subgraph ID: 3_1	89 90 91
Subgraph ID: 3_1	88 89 90
Subgraph ID: 3_1	75 76 77
Subgraph ID: 3_1	70 71 72
Subgraph ID: 3_1	69 70 71
Subgraph ID: 3_1	68 69 70
Subgraph ID: 3_1	67 68 69
Subgraph ID: 3_1	61 62 63
Subgraph ID: 3_1	44 45 46
Subgraph ID: 3_1	34 35 36
Subgraph ID: 3_1	28 29 30
Subgraph ID: 3_1	27 28 29
Subgraph ID: 3_1	23 24 25
Subgraph ID: 3_1	22 23 24
Subgraph ID: 3_1	145 146 147
Subgraph ID: 3_1	134 135 136
Subgraph ID: 3_1	133 134 135
Subgraph ID: 3_1	123 124 125
Subgraph ID: 3_1	101 102 103
Subgraph ID: 2_1	97 98
Subgraph ID: 2_1	90 91
Subgraph ID: 2_1	89 90
Subgraph ID: 2_1	88 89
Subgraph ID: 2_1	85 86
Subgraph ID: 2_1	81 82
Subgraph ID: 2_1	76 77
Subgraph ID: 2_1	75 76
Subgraph ID: 2_1	73 74
Subgraph ID: 2_1	71 72
Subgraph ID: 2_1	70 71
Subgraph ID: 2_1	69 70
Subgraph ID: 2_1	68 69
Subgraph ID: 2_1	67 68
Subgraph ID: 2_1	62 63
Subgraph ID: 2_1	61 62
Subgraph ID: 2_1	58 59
Subgraph ID: 2_1	54 55
Subgraph ID: 2_1	52 53
Subgraph ID: 2_1	5 6
Subgraph ID: 2_1	49 50
Subgraph ID: 2_1	47 48
Subgraph ID: 2_1	45 46
Subgraph ID: 2_1	44 45
Subgraph ID: 2_1	35 36
Subgraph ID: 2_1	34 35
Subgraph ID: 2_1	32 33
Subgraph ID: 2_1	29 30
Subgraph ID: 2_1	28 29
Subgraph ID: 2_1	27 28
Subgraph ID: 2_1	24 25
Subgraph ID: 2_1	23 24
Subgraph ID: 2_1	22 23
Subgraph ID: 2_1	146 147
Subgraph ID: 2_1	145 146
Subgraph ID: 2_1	143 144
Subgraph ID: 2_1	141 142
Subgraph ID: 2_1	137 138
Subgraph ID: 2_1	135 136
Subgraph ID: 2_1	134 135
Subgraph ID: 2_1	133 134
Subgraph ID: 2_1	124 125
Subgraph ID: 2_1	123 124
Subgraph ID: 2_1	12 13
Subgraph ID: 2_1	118 119
Subgraph ID: 2_1	115 116
Subgraph ID: 2_1	109 110
Subgraph ID: 2_1	107 108
Subgraph ID: 2_1	102 103
Subgraph ID: 2_1	101 102
Subgraph ID: 2_1	10 11
