Subgraph ID: 13_999	62 63 64 65 67 68 69 70 71 72 73 74 81
Subgraph ID: 13_991	62 63 64 65 66 67 68 69 71 72 73 74 81
Subgraph ID: 13_991	62 63 64 65 66 67 68 69 70 71 72 73 81
Subgraph ID: 13_918	83 84 85 86 89 90 91 93 94 95 96 99 100
Subgraph ID: 13_918	83 84 85 86 87 88 89 90 91 93 94 99 100
Subgraph ID: 13_874	1 62 63 64 65 66 67 68 71 72 73 81 82
Subgraph ID: 13_874	1 62 63 64 65 66 67 68 69 71 72 81 82
Subgraph ID: 13_850	63 64 65 66 67 68 69 70 71 72 73 74 75
Subgraph ID: 13_792	102 103 104 105 119 120 121 122 123 124 125 126 127
Subgraph ID: 13_76	63 64 65 67 68 71 72 73 74 75 76 77 78
Subgraph ID: 13_746	1 62 63 64 65 67 68 69 71 72 73 81 82
Subgraph ID: 13_711	62 63 64 65 67 68 69 71 72 73 74 75 81
Subgraph ID: 13_622	62 63 64 65 66 67 68 71 72 73 74 75 81
Subgraph ID: 13_608	1 62 63 64 65 67 68 71 72 73 74 81 82
Subgraph ID: 13_608	1 62 63 64 65 67 68 69 70 71 72 81 82
Subgraph ID: 13_360	84 89 90 91 92 93 94 95 96 97 98 99 100
Subgraph ID: 13_1144	83 84 85 86 89 90 91 92 93 94 95 99 100
Subgraph ID: 13_1144	83 84 85 86 87 89 90 91 92 93 94 99 100
Subgraph ID: 13_1127	105 106 107 108 109 110 111 112 113 114 115 117 118
Subgraph ID: 13_1007	83 84 85 86 87 89 90 91 93 94 95 99 100
Subgraph ID: 12_499	83 84 85 86 89 90 91 92 93 94 99 100
Subgraph ID: 12_445	63 64 65 66 67 68 69 70 71 72 73 74
Subgraph ID: 12_441	62 63 64 65 66 67 68 69 71 72 73 81
Subgraph ID: 12_437	83 84 85 86 89 90 91 93 94 95 99 100
Subgraph ID: 12_437	83 84 85 86 87 89 90 91 93 94 99 100
Subgraph ID: 12_395	102 103 104 105 119 120 121 122 123 124 126 127
Subgraph ID: 12_379	62 63 64 65 67 68 69 71 72 73 74 81
Subgraph ID: 12_379	62 63 64 65 67 68 69 70 71 72 73 81
Subgraph ID: 12_374	1 62 63 64 65 66 67 68 71 72 81 82
Subgraph ID: 12_358	62 63 64 65 66 67 68 71 72 73 74 81
Subgraph ID: 12_358	62 63 64 65 66 67 68 69 70 71 72 81
Subgraph ID: 12_327	102 103 104 105 119 120 122 123 124 125 126 127
Subgraph ID: 12_316	63 64 65 67 68 69 70 71 72 73 74 75
Subgraph ID: 12_286	63 64 65 66 67 68 69 71 72 73 74 75
Subgraph ID: 12_285	1 62 63 64 65 67 68 71 72 73 81 82
Subgraph ID: 12_285	1 62 63 64 65 67 68 69 71 72 81 82
Subgraph ID: 12_262	103 104 105 119 120 121 122 123 124 125 126 127
Subgraph ID: 12_254	84 89 90 91 92 93 94 95 96 97 99 100
Subgraph ID: 12_212	62 63 64 65 67 68 71 72 73 74 75 81
Subgraph ID: 12_134	84 89 90 91 93 94 95 96 97 98 99 100
Subgraph ID: 11_82	63 64 65 66 67 68 71 72 73 74 75
Subgraph ID: 11_228	105 106 107 111 112 113 114 115 116 117 118
Subgraph ID: 11_192	83 84 85 86 89 90 91 93 94 99 100
Subgraph ID: 11_179	63 64 65 67 68 69 70 71 72 73 74
Subgraph ID: 11_174	62 63 64 65 66 67 68 71 72 73 81
Subgraph ID: 11_174	62 63 64 65 66 67 68 69 71 72 81
Subgraph ID: 11_164	62 63 64 65 67 68 69 71 72 73 81
Subgraph ID: 11_163	63 64 65 66 67 68 69 71 72 73 74
Subgraph ID: 11_163	63 64 65 66 67 68 69 70 71 72 73
Subgraph ID: 11_161	102 103 104 105 119 120 122 123 124 126 127
Subgraph ID: 11_153	84 89 90 91 92 93 94 95 96 99 100
Subgraph ID: 11_135	103 104 105 119 120 121 122 123 124 126 127
Subgraph ID: 11_125	62 63 64 65 67 68 71 72 73 74 81
Subgraph ID: 11_125	62 63 64 65 67 68 69 70 71 72 81
Subgraph ID: 11_123	1 62 63 64 65 67 68 71 72 81 82
Subgraph ID: 11_115	103 104 105 119 120 122 123 124 125 126 127
Subgraph ID: 11_115	102 103 104 105 119 122 123 124 125 126 127
Subgraph ID: 11_114	63 64 65 67 68 69 71 72 73 74 75
Subgraph ID: 11_101	84 89 90 91 93 94 95 96 97 99 100
Subgraph ID: 10_82	62 63 64 65 66 67 68 71 72 81
Subgraph ID: 10_81	84 89 90 91 92 93 94 95 99 100
Subgraph ID: 10_79	63 64 65 66 67 68 69 71 72 73
Subgraph ID: 10_77	63 64 65 67 68 69 71 72 73 74
Subgraph ID: 10_77	63 64 65 67 68 69 70 71 72 73
Subgraph ID: 10_68	84 89 90 91 93 94 95 96 99 100
Subgraph ID: 10_66	62 63 64 65 67 68 71 72 73 81
Subgraph ID: 10_66	62 63 64 65 67 68 69 71 72 81
Subgraph ID: 10_61	103 104 105 119 120 122 123 124 126 127
Subgraph ID: 10_61	102 103 104 105 119 122 123 124 126 127
Subgraph ID: 10_55	63 64 65 66 67 68 71 72 73 74
Subgraph ID: 10_55	63 64 65 66 67 68 69 70 71 72
Subgraph ID: 10_46	103 104 105 119 122 123 124 125 126 127
Subgraph ID: 10_35	63 64 65 67 68 71 72 73 74 75
Subgraph ID: 10_101	105 106 107 111 112 113 114 115 117 118
Subgraph ID: 9_6	72 73 74 75 76 77 78 79 80
Subgraph ID: 9_39	63 64 65 67 68 69 71 72 73
Subgraph ID: 9_38	84 89 90 91 93 94 95 99 100
Subgraph ID: 9_38	84 89 90 91 92 93 94 99 100
Subgraph ID: 9_32	102 103 104 105 119 120 121 122 127
Subgraph ID: 9_31	63 64 65 66 67 68 71 72 73
Subgraph ID: 9_31	63 64 65 66 67 68 69 71 72
Subgraph ID: 9_29	62 63 64 65 67 68 71 72 81
Subgraph ID: 9_27	63 64 65 67 68 71 72 73 74
Subgraph ID: 9_27	63 64 65 67 68 69 70 71 72
Subgraph ID: 9_25	103 104 105 119 122 123 124 126 127
Subgraph ID: 9_13	128 129 130 131 132 133 134 135 136
Subgraph ID: 8_6	128 129 130 131 132 133 134 135
Subgraph ID: 8_5	73 74 75 76 77 78 79 80
Subgraph ID: 8_3	72 73 74 75 76 77 78 79
Subgraph ID: 8_21	102 103 104 105 119 120 122 127
Subgraph ID: 8_19	4 5 6 7 8 9 10 11
Subgraph ID: 8_18	84 89 90 91 93 94 99 100
Subgraph ID: 8_17	63 64 65 67 68 71 72 73
Subgraph ID: 8_17	63 64 65 67 68 69 71 72
Subgraph ID: 8_15	63 64 65 66 67 68 71 72
Subgraph ID: 8_14	103 104 105 119 120 121 122 127
Subgraph ID: 8_12	128 129 130 131 132 133 135 136
Subgraph ID: 7_9	63 64 65 67 68 71 72
Subgraph ID: 7_7	128 129 130 131 132 135 136
Subgraph ID: 7_6	34 35 36 37 38 39 40
Subgraph ID: 7_5	128 129 130 131 132 133 135
Subgraph ID: 7_3	74 75 76 77 78 79 80
Subgraph ID: 7_3	73 74 75 76 77 78 79
Subgraph ID: 7_2	72 73 74 75 76 77 78
Subgraph ID: 7_10	103 104 105 119 120 122 127
Subgraph ID: 7_10	102 103 104 105 119 122 127
Subgraph ID: 7_1	50 51 52 53 54 55 56
Subgraph ID: 6_6	103 104 105 119 122 127
Subgraph ID: 6_5	128 129 130 131 135 136
Subgraph ID: 6_5	128 129 130 131 132 135
Subgraph ID: 6_4	34 35 36 37 39 40
Subgraph ID: 6_3	74 75 76 77 78 79
Subgraph ID: 6_2	75 76 77 78 79 80
Subgraph ID: 6_2	73 74 75 76 77 78
Subgraph ID: 6_1	51 52 53 54 55 56
Subgraph ID: 6_1	50 51 52 53 54 55
Subgraph ID: 5_3	128 129 130 131 135
Subgraph ID: 5_2	75 76 77 78 79
Subgraph ID: 5_2	74 75 76 77 78
Subgraph ID: 5_2	17 18 19 20 21
Subgraph ID: 5_2	122 123 124 125 126
Subgraph ID: 5_1	94 95 96 97 98
Subgraph ID: 5_1	52 53 54 55 56
Subgraph ID: 5_1	51 52 53 54 55
Subgraph ID: 5_1	50 51 52 53 54
Subgraph ID: 5_1	43 44 45 46 47
Subgraph ID: 4_2	75 76 77 78
Subgraph ID: 4_2	18 19 20 21
Subgraph ID: 4_2	122 123 124 126
Subgraph ID: 4_2	107 108 109 110
Subgraph ID: 4_1	95 96 97 98
Subgraph ID: 4_1	94 95 96 97
Subgraph ID: 4_1	72 73 74 75
Subgraph ID: 4_1	53 54 55 56
Subgraph ID: 4_1	52 53 54 55
Subgraph ID: 4_1	51 52 53 54
Subgraph ID: 4_1	50 51 52 53
Subgraph ID: 4_1	44 45 46 47
Subgraph ID: 4_1	43 44 45 46
Subgraph ID: 4_1	131 132 133 134
Subgraph ID: 3_1	96 97 98
Subgraph ID: 3_1	95 96 97
Subgraph ID: 3_1	94 95 96
Subgraph ID: 3_1	86 87 88
Subgraph ID: 3_1	78 79 80
Subgraph ID: 3_1	73 74 75
Subgraph ID: 3_1	72 73 74
Subgraph ID: 3_1	68 69 70
Subgraph ID: 3_1	58 59 60
Subgraph ID: 3_1	54 55 56
Subgraph ID: 3_1	53 54 55
Subgraph ID: 3_1	52 53 54
Subgraph ID: 3_1	51 52 53
Subgraph ID: 3_1	50 51 52
Subgraph ID: 3_1	45 46 47
Subgraph ID: 3_1	44 45 46
Subgraph ID: 3_1	43 44 45
Subgraph ID: 3_1	138 139 140
Subgraph ID: 3_1	132 133 134
Subgraph ID: 3_1	131 132 133
Subgraph ID: 3_1	119 120 121
Subgraph ID: 2_1	97 98
Subgraph ID: 2_1	96 97
Subgraph ID: 2_1	95 96
Subgraph ID: 2_1	94 95
Subgraph ID: 2_1	91 92
Subgraph ID: 2_1	87 88
Subgraph ID: 2_1	86 87
Subgraph ID: 2_1	79 80
Subgraph ID: 2_1	78 79
Subgraph ID: 2_1	74 75
Subgraph ID: 2_1	73 74
Subgraph ID: 2_1	72 73
Subgraph ID: 2_1	69 70
Subgraph ID: 2_1	68 69
Subgraph ID: 2_1	65 66
Subgraph ID: 2_1	59 60
Subgraph ID: 2_1	58 59
Subgraph ID: 2_1	55 56
Subgraph ID: 2_1	54 55
Subgraph ID: 2_1	53 54
Subgraph ID: 2_1	52 53
Subgraph ID: 2_1	51 52
Subgraph ID: 2_1	50 51
Subgraph ID: 2_1	46 47
Subgraph ID: 2_1	45 46
Subgraph ID: 2_1	44 45
Subgraph ID: 2_1	43 44
Subgraph ID: 2_1	37 38
Subgraph ID: 2_1	30 31
Subgraph ID: 2_1	26 27
Subgraph ID: 2_1	17 18
Subgraph ID: 2_1	14 15
Subgraph ID: 2_1	139 140
Subgraph ID: 2_1	138 139
Subgraph ID: 2_1	135 136
Subgraph ID: 2_1	133 134
Subgraph ID: 2_1	132 133
Subgraph ID: 2_1	131 132
Subgraph ID: 2_1	124 125
Subgraph ID: 2_1	120 121
Subgraph ID: 2_1	119 120
Subgraph ID: 2_1	115 116
Subgraph ID: 2_1	102 103
