Subgraph ID: 13_979	28 29 30 31 35 36 37 39 40 41 42 43 44
Subgraph ID: 13_918	111 112 113 114 117 118 119 121 122 123 124 127 128
Subgraph ID: 13_918	111 112 113 114 115 116 117 118 119 121 122 127 128
Subgraph ID: 13_857	28 29 30 31 32 35 36 37 38 39 40 42 44
Subgraph ID: 13_758	28 29 30 31 32 35 36 37 39 40 42 43 44
Subgraph ID: 13_758	28 29 30 31 32 35 36 37 39 40 41 42 44
Subgraph ID: 13_747	86 87 88 89 90 91 92 93 94 95 96 97 109
Subgraph ID: 13_702	46 64 65 66 67 68 69 70 72 73 74 75 81
Subgraph ID: 13_635	28 29 30 31 32 35 36 39 40 41 42 43 44
Subgraph ID: 13_614	86 87 88 89 91 92 96 97 98 99 100 101 109
Subgraph ID: 13_592	87 88 89 90 91 92 96 97 98 99 100 101 102
Subgraph ID: 13_491	28 29 30 31 32 33 35 36 37 39 40 42 44
Subgraph ID: 13_366	28 29 30 31 32 33 35 36 39 40 42 43 44
Subgraph ID: 13_366	28 29 30 31 32 33 35 36 39 40 41 42 44
Subgraph ID: 13_360	112 117 118 119 120 121 122 123 124 125 126 127 128
Subgraph ID: 13_193	28 29 30 31 32 33 34 35 36 39 40 42 44
Subgraph ID: 13_1292	133 134 135 142 143 144 145 146 147 148 149 150 151
Subgraph ID: 13_1256	46 64 65 66 67 72 73 74 75 76 77 81 82
Subgraph ID: 13_1252	46 64 65 66 67 68 72 73 74 75 76 81 82
Subgraph ID: 13_1177	46 64 65 66 67 68 72 73 74 75 76 77 81
Subgraph ID: 13_1144	111 112 113 114 117 118 119 120 121 122 123 127 128
Subgraph ID: 13_1144	111 112 113 114 115 117 118 119 120 121 122 127 128
Subgraph ID: 13_1079	28 29 30 31 35 36 37 38 39 40 42 43 44
Subgraph ID: 13_1079	28 29 30 31 35 36 37 38 39 40 41 42 44
Subgraph ID: 13_1055	46 64 65 66 67 68 69 72 73 74 75 81 82
Subgraph ID: 13_1055	46 64 65 66 67 68 69 72 73 74 75 76 81
Subgraph ID: 13_1053	28 29 30 35 36 37 38 39 40 41 42 43 44
Subgraph ID: 13_1007	111 112 113 114 115 117 118 119 121 122 123 127 128
Subgraph ID: 12_544	133 134 135 142 143 144 145 146 147 149 150 151
Subgraph ID: 12_544	133 134 135 142 143 144 145 146 147 148 149 150
Subgraph ID: 12_543	46 64 65 66 67 72 73 74 75 76 81 82
Subgraph ID: 12_514	46 64 65 66 67 68 72 73 74 75 81 82
Subgraph ID: 12_514	46 64 65 66 67 68 72 73 74 75 76 81
Subgraph ID: 12_512	46 64 65 66 67 72 73 74 75 76 77 81
Subgraph ID: 12_499	111 112 113 114 117 118 119 120 121 122 127 128
Subgraph ID: 12_446	28 29 30 31 35 36 37 38 39 40 42 44
Subgraph ID: 12_441	28 29 30 35 36 37 39 40 41 42 43 44
Subgraph ID: 12_437	111 112 113 114 117 118 119 121 122 123 127 128
Subgraph ID: 12_437	111 112 113 114 115 117 118 119 121 122 127 128
Subgraph ID: 12_429	28 29 30 35 36 37 38 39 40 42 43 44
Subgraph ID: 12_429	28 29 30 35 36 37 38 39 40 41 42 44
Subgraph ID: 12_415	46 64 65 66 67 68 69 72 73 74 75 81
Subgraph ID: 12_396	28 29 30 31 35 36 37 39 40 42 43 44
Subgraph ID: 12_396	28 29 30 31 35 36 37 39 40 41 42 44
Subgraph ID: 12_374	0 86 87 88 89 90 91 92 96 97 109 110
Subgraph ID: 12_341	28 29 30 31 35 36 39 40 41 42 43 44
Subgraph ID: 12_312	28 29 30 31 32 35 36 37 39 40 42 44
Subgraph ID: 12_268	86 87 88 89 91 92 93 94 95 96 97 109
Subgraph ID: 12_265	87 88 89 90 91 92 96 97 98 99 100 101
Subgraph ID: 12_260	87 88 89 91 92 96 97 98 99 100 101 102
Subgraph ID: 12_254	112 117 118 119 120 121 122 123 124 125 127 128
Subgraph ID: 12_235	28 29 30 31 32 35 36 39 40 42 43 44
Subgraph ID: 12_235	28 29 30 31 32 35 36 39 40 41 42 44
Subgraph ID: 12_145	28 29 30 31 32 33 35 36 39 40 42 44
Subgraph ID: 12_134	112 117 118 119 121 122 123 124 125 126 127 128
Subgraph ID: 12_116	97 98 99 100 101 102 103 104 105 106 107 108
Subgraph ID: 11_96	28 29 30 31 32 35 36 39 40 42 44
Subgraph ID: 11_56	97 98 99 100 101 102 103 104 105 106 108
Subgraph ID: 11_229	133 134 135 142 143 144 145 146 147 149 150
Subgraph ID: 11_228	46 64 65 66 67 72 73 74 75 81 82
Subgraph ID: 11_228	46 64 65 66 67 72 73 74 75 76 81
Subgraph ID: 11_213	46 64 65 66 67 68 72 73 74 75 81
Subgraph ID: 11_192	111 112 113 114 117 118 119 121 122 127 128
Subgraph ID: 11_184	28 29 30 35 36 37 38 39 40 42 44
Subgraph ID: 11_174	28 29 30 35 36 37 39 40 42 43 44
Subgraph ID: 11_174	28 29 30 35 36 37 39 40 41 42 44
Subgraph ID: 11_168	28 29 30 31 35 36 37 39 40 42 44
Subgraph ID: 11_164	28 29 30 35 36 39 40 41 42 43 44
Subgraph ID: 11_161	130 131 132 133 152 153 154 155 156 157 158
Subgraph ID: 11_153	112 117 118 119 120 121 122 123 124 127 128
Subgraph ID: 11_136	29 35 36 37 38 39 40 41 42 43 44
Subgraph ID: 11_131	28 29 30 31 35 36 39 40 42 43 44
Subgraph ID: 11_131	28 29 30 31 35 36 39 40 41 42 44
Subgraph ID: 11_123	0 86 87 88 89 91 92 96 97 109 110
Subgraph ID: 11_117	87 88 89 91 92 96 97 98 99 100 101
Subgraph ID: 11_112	87 88 89 90 91 92 93 94 95 96 97
Subgraph ID: 11_101	112 117 118 119 121 122 123 124 125 127 128
Subgraph ID: 10_82	86 87 88 89 90 91 92 96 97 109
Subgraph ID: 10_82	28 29 30 35 36 37 39 40 42 44
Subgraph ID: 10_81	112 117 118 119 120 121 122 123 127 128
Subgraph ID: 10_79	29 35 36 37 39 40 41 42 43 44
Subgraph ID: 10_68	112 117 118 119 121 122 123 124 127 128
Subgraph ID: 10_66	28 29 30 35 36 39 40 42 43 44
Subgraph ID: 10_66	28 29 30 35 36 39 40 41 42 44
Subgraph ID: 10_61	131 132 133 152 153 154 155 156 157 158
Subgraph ID: 10_61	130 131 132 133 152 154 155 156 157 158
Subgraph ID: 10_57	28 29 30 31 35 36 39 40 42 44
Subgraph ID: 10_53	87 88 89 91 92 93 94 95 96 97
Subgraph ID: 10_48	29 35 36 37 38 39 40 42 43 44
Subgraph ID: 10_48	29 35 36 37 38 39 40 41 42 44
Subgraph ID: 10_24	97 98 99 100 101 102 103 104 105 108
Subgraph ID: 10_101	46 64 65 66 67 72 73 74 75 81
Subgraph ID: 9_39	29 35 36 39 40 41 42 43 44
Subgraph ID: 9_38	112 117 118 119 121 122 123 127 128
Subgraph ID: 9_38	112 117 118 119 120 121 122 127 128
Subgraph ID: 9_31	29 35 36 37 39 40 42 43 44
Subgraph ID: 9_31	29 35 36 37 39 40 41 42 44
Subgraph ID: 9_29	86 87 88 89 91 92 96 97 109
Subgraph ID: 9_29	28 29 30 35 36 39 40 42 44
Subgraph ID: 9_25	131 132 133 152 154 155 156 157 158
Subgraph ID: 9_21	29 35 36 37 38 39 40 42 44
Subgraph ID: 9_13	159 160 161 162 163 164 165 166 167
Subgraph ID: 8_6	159 160 161 162 163 164 165 166
Subgraph ID: 8_21	130 131 132 133 152 153 154 158
Subgraph ID: 8_18	112 117 118 119 121 122 127 128
Subgraph ID: 8_17	29 35 36 39 40 42 43 44
Subgraph ID: 8_17	29 35 36 39 40 41 42 44
Subgraph ID: 8_16	56 57 58 59 60 61 62 63
Subgraph ID: 8_15	87 88 89 90 91 92 96 97
Subgraph ID: 8_15	29 35 36 37 39 40 42 44
Subgraph ID: 8_12	159 160 161 162 163 164 166 167
Subgraph ID: 8_12	101 102 103 104 105 106 107 108
Subgraph ID: 7_9	87 88 89 91 92 96 97
Subgraph ID: 7_9	29 35 36 39 40 42 44
Subgraph ID: 7_7	159 160 161 162 163 166 167
Subgraph ID: 7_7	101 102 103 104 105 106 108
Subgraph ID: 7_6	56 57 58 59 61 62 63
Subgraph ID: 7_6	56 57 58 59 60 61 63
Subgraph ID: 7_5	159 160 161 162 163 164 166
Subgraph ID: 7_5	102 103 104 105 106 107 108
Subgraph ID: 7_4	135 136 137 138 139 140 141
Subgraph ID: 7_10	131 132 133 152 153 154 158
Subgraph ID: 7_10	130 131 132 133 152 154 158
Subgraph ID: 6_6	131 132 133 152 154 158
Subgraph ID: 6_5	97 98 99 100 101 102
Subgraph ID: 6_5	159 160 161 162 166 167
Subgraph ID: 6_5	159 160 161 162 163 166
Subgraph ID: 6_5	102 103 104 105 106 108
Subgraph ID: 6_5	101 102 103 104 105 108
Subgraph ID: 6_4	56 57 58 59 61 63
Subgraph ID: 6_2	75 76 77 78 79 80
Subgraph ID: 6_2	17 18 19 20 21 22
Subgraph ID: 5_3	97 98 99 100 101
Subgraph ID: 5_3	159 160 161 162 166
Subgraph ID: 5_3	102 103 104 105 108
Subgraph ID: 5_2	76 77 78 79 80
Subgraph ID: 5_2	18 19 20 21 22
Subgraph ID: 5_1	67 68 69 70 71
Subgraph ID: 5_1	30 31 32 33 34
Subgraph ID: 5_1	174 175 176 177 178
Subgraph ID: 5_1	122 123 124 125 126
Subgraph ID: 4_2	92 93 94 95
Subgraph ID: 4_2	77 78 79 80
Subgraph ID: 4_2	19 20 21 22
Subgraph ID: 4_2	154 155 156 157
Subgraph ID: 4_2	138 139 140 141
Subgraph ID: 4_2	135 136 137 138
Subgraph ID: 4_1	68 69 70 71
Subgraph ID: 4_1	67 68 69 70
Subgraph ID: 4_1	31 32 33 34
Subgraph ID: 4_1	30 31 32 33
Subgraph ID: 4_1	175 176 177 178
Subgraph ID: 4_1	174 175 176 177
Subgraph ID: 4_1	162 163 164 165
Subgraph ID: 4_1	123 124 125 126
Subgraph ID: 4_1	122 123 124 125
Subgraph ID: 3_1	75 76 77
Subgraph ID: 3_1	69 70 71
Subgraph ID: 3_1	68 69 70
Subgraph ID: 3_1	67 68 69
Subgraph ID: 3_1	52 53 54
Subgraph ID: 3_1	36 37 38
Subgraph ID: 3_1	32 33 34
Subgraph ID: 3_1	31 32 33
Subgraph ID: 3_1	30 31 32
Subgraph ID: 3_1	176 177 178
Subgraph ID: 3_1	175 176 177
Subgraph ID: 3_1	174 175 176
Subgraph ID: 3_1	171 172 173
Subgraph ID: 3_1	17 18 19
Subgraph ID: 3_1	163 164 165
Subgraph ID: 3_1	162 163 164
Subgraph ID: 3_1	124 125 126
Subgraph ID: 3_1	123 124 125
Subgraph ID: 3_1	122 123 124
Subgraph ID: 3_1	114 115 116
Subgraph ID: 3_1	105 106 107
Subgraph ID: 2_1	89 90
Subgraph ID: 2_1	83 84
Subgraph ID: 2_1	81 82
Subgraph ID: 2_1	76 77
Subgraph ID: 2_1	75 76
Subgraph ID: 2_1	70 71
Subgraph ID: 2_1	69 70
Subgraph ID: 2_1	68 69
Subgraph ID: 2_1	67 68
Subgraph ID: 2_1	61 62
Subgraph ID: 2_1	59 60
Subgraph ID: 2_1	53 54
Subgraph ID: 2_1	52 53
Subgraph ID: 2_1	48 49
Subgraph ID: 2_1	42 43
Subgraph ID: 2_1	40 41
Subgraph ID: 2_1	37 38
Subgraph ID: 2_1	36 37
Subgraph ID: 2_1	33 34
Subgraph ID: 2_1	32 33
Subgraph ID: 2_1	31 32
Subgraph ID: 2_1	30 31
Subgraph ID: 2_1	23 24
Subgraph ID: 2_1	18 19
Subgraph ID: 2_1	177 178
Subgraph ID: 2_1	176 177
Subgraph ID: 2_1	175 176
Subgraph ID: 2_1	174 175
Subgraph ID: 2_1	172 173
Subgraph ID: 2_1	171 172
Subgraph ID: 2_1	17 18
Subgraph ID: 2_1	169 170
Subgraph ID: 2_1	166 167
Subgraph ID: 2_1	164 165
Subgraph ID: 2_1	163 164
Subgraph ID: 2_1	162 163
Subgraph ID: 2_1	152 153
Subgraph ID: 2_1	150 151
Subgraph ID: 2_1	15 16
Subgraph ID: 2_1	147 148
Subgraph ID: 2_1	130 131
Subgraph ID: 2_1	125 126
Subgraph ID: 2_1	124 125
Subgraph ID: 2_1	123 124
Subgraph ID: 2_1	122 123
Subgraph ID: 2_1	12 13
Subgraph ID: 2_1	119 120
Subgraph ID: 2_1	115 116
Subgraph ID: 2_1	114 115
Subgraph ID: 2_1	106 107
Subgraph ID: 2_1	105 106
Subgraph ID: 2_1	101 102
