Subgraph ID: 13_991	14 17 18 22 23 24 27 28 29 30 31 32 33
Subgraph ID: 13_979	14 17 18 19 22 23 24 27 28 29 30 31 33
Subgraph ID: 13_939	95 96 97 98 99 100 101 102 103 105 106 107 108
Subgraph ID: 13_883	14 17 18 22 23 24 25 27 28 30 31 32 33
Subgraph ID: 13_857	14 17 18 19 20 22 23 24 25 27 28 30 33
Subgraph ID: 13_850	76 77 78 79 80 81 82 83 84 85 86 87 88
Subgraph ID: 13_845	14 17 18 19 22 23 24 25 26 27 28 30 33
Subgraph ID: 13_822	14 17 18 19 22 23 24 27 28 30 31 32 33
Subgraph ID: 13_801	14 17 18 22 23 24 25 26 27 28 30 31 33
Subgraph ID: 13_801	14 17 18 22 23 24 25 26 27 28 29 30 33
Subgraph ID: 13_799	14 17 18 19 22 23 27 28 29 30 31 32 33
Subgraph ID: 13_758	14 17 18 19 20 22 23 24 27 28 30 31 33
Subgraph ID: 13_758	14 17 18 19 20 22 23 24 27 28 29 30 33
Subgraph ID: 13_635	14 17 18 19 20 22 23 27 28 29 30 31 33
Subgraph ID: 13_517	17 22 23 24 25 26 27 28 29 30 31 32 33
Subgraph ID: 13_511	14 17 18 19 20 22 23 27 28 30 31 32 33
Subgraph ID: 13_491	14 17 18 19 20 21 22 23 24 27 28 30 33
Subgraph ID: 13_366	14 17 18 19 20 21 22 23 27 28 30 31 33
Subgraph ID: 13_366	14 17 18 19 20 21 22 23 27 28 29 30 33
Subgraph ID: 13_1269	14 35 36 45 52 53 54 61 62 63 69 70 71
Subgraph ID: 13_1253	14 35 36 45 46 52 53 54 61 62 69 71 72
Subgraph ID: 13_1235	14 35 36 45 52 53 54 61 62 69 70 71 72
Subgraph ID: 13_1235	14 35 36 45 52 53 54 61 62 63 69 71 72
Subgraph ID: 13_1235	14 35 36 45 46 52 53 54 61 62 69 70 71
Subgraph ID: 13_1235	14 35 36 45 46 52 53 54 61 62 63 69 71
Subgraph ID: 13_1195	94 95 96 97 98 99 101 102 103 104 105 106 108
Subgraph ID: 13_1185	14 35 36 45 52 53 54 61 62 63 64 69 71
Subgraph ID: 13_1150	14 35 36 45 52 53 54 61 62 69 71 72 73
Subgraph ID: 13_1142	95 96 97 98 99 101 102 103 104 105 106 107 108
Subgraph ID: 13_1142	94 95 96 97 98 101 102 103 104 105 106 107 108
Subgraph ID: 13_1101	94 95 96 97 98 99 100 101 102 103 105 106 108
Subgraph ID: 13_1101	94 95 96 97 98 99 100 101 102 103 104 105 108
Subgraph ID: 13_1082	94 95 96 97 98 99 101 102 103 105 106 107 108
Subgraph ID: 13_1079	14 17 18 19 22 23 24 25 27 28 30 31 33
Subgraph ID: 13_1079	14 17 18 19 22 23 24 25 27 28 29 30 33
Subgraph ID: 13_1053	14 17 18 22 23 24 25 27 28 29 30 31 33
Subgraph ID: 13_1052	95 96 97 98 99 100 101 102 103 104 105 106 108
Subgraph ID: 12_529	14 35 36 45 52 53 54 61 62 69 70 71
Subgraph ID: 12_529	14 35 36 45 52 53 54 61 62 63 69 71
Subgraph ID: 12_522	14 35 36 45 52 53 54 61 62 69 71 72
Subgraph ID: 12_522	14 35 36 45 46 52 53 54 61 62 69 71
Subgraph ID: 12_500	95 96 97 98 99 101 102 103 104 105 106 108
Subgraph ID: 12_500	94 95 96 97 98 101 102 103 104 105 106 108
Subgraph ID: 12_495	94 95 96 97 98 99 101 102 103 105 106 108
Subgraph ID: 12_495	94 95 96 97 98 99 101 102 103 104 105 108
Subgraph ID: 12_488	95 96 97 98 101 102 103 104 105 106 107 108
Subgraph ID: 12_460	94 95 96 97 98 99 100 101 102 103 105 108
Subgraph ID: 12_446	14 17 18 19 22 23 24 25 27 28 30 33
Subgraph ID: 12_445	76 77 78 79 80 81 82 83 84 85 86 87
Subgraph ID: 12_441	14 17 18 22 23 24 27 28 29 30 31 33
Subgraph ID: 12_434	95 96 97 98 99 101 102 103 105 106 107 108
Subgraph ID: 12_434	94 95 96 97 98 101 102 103 105 106 107 108
Subgraph ID: 12_429	14 17 18 22 23 24 25 27 28 30 31 33
Subgraph ID: 12_429	14 17 18 22 23 24 25 27 28 29 30 33
Subgraph ID: 12_414	95 96 97 98 99 100 101 102 103 105 106 108
Subgraph ID: 12_414	95 96 97 98 99 100 101 102 103 104 105 108
Subgraph ID: 12_396	14 17 18 19 22 23 24 27 28 30 31 33
Subgraph ID: 12_396	14 17 18 19 22 23 24 27 28 29 30 33
Subgraph ID: 12_379	14 17 18 22 23 27 28 29 30 31 32 33
Subgraph ID: 12_358	14 17 18 22 23 24 27 28 30 31 32 33
Subgraph ID: 12_341	14 17 18 19 22 23 27 28 29 30 31 33
Subgraph ID: 12_321	17 22 23 24 25 27 28 29 30 31 32 33
Subgraph ID: 12_316	76 77 78 80 81 82 83 84 85 86 87 88
Subgraph ID: 12_312	14 17 18 19 20 22 23 24 27 28 30 33
Subgraph ID: 12_309	14 17 18 22 23 24 25 26 27 28 30 33
Subgraph ID: 12_286	76 77 78 79 80 81 82 84 85 86 87 88
Subgraph ID: 12_269	14 17 18 19 22 23 27 28 30 31 32 33
Subgraph ID: 12_235	14 17 18 19 20 22 23 27 28 30 31 33
Subgraph ID: 12_235	14 17 18 19 20 22 23 27 28 29 30 33
Subgraph ID: 12_203	17 22 23 24 25 26 27 28 29 30 31 33
Subgraph ID: 12_156	17 22 23 24 25 26 27 28 30 31 32 33
Subgraph ID: 12_145	14 17 18 19 20 21 22 23 27 28 30 33
Subgraph ID: 11_96	14 17 18 19 20 22 23 27 28 30 33
Subgraph ID: 11_82	76 77 78 79 80 81 84 85 86 87 88
Subgraph ID: 11_68	17 22 23 24 25 26 27 28 30 31 33
Subgraph ID: 11_68	17 22 23 24 25 26 27 28 29 30 33
Subgraph ID: 11_224	14 35 36 45 52 53 54 61 62 69 71
Subgraph ID: 11_218	95 96 97 98 101 102 103 104 105 106 108
Subgraph ID: 11_211	94 95 96 97 98 99 101 102 103 105 108
Subgraph ID: 11_203	95 96 97 98 99 101 102 103 105 106 108
Subgraph ID: 11_203	95 96 97 98 99 101 102 103 104 105 108
Subgraph ID: 11_203	94 95 96 97 98 101 102 103 105 106 108
Subgraph ID: 11_203	94 95 96 97 98 101 102 103 104 105 108
Subgraph ID: 11_186	95 96 97 98 101 102 103 105 106 107 108
Subgraph ID: 11_184	14 17 18 22 23 24 25 27 28 30 33
Subgraph ID: 11_179	76 77 78 80 81 82 83 84 85 86 87
Subgraph ID: 11_174	14 17 18 22 23 24 27 28 30 31 33
Subgraph ID: 11_174	14 17 18 22 23 24 27 28 29 30 33
Subgraph ID: 11_168	14 17 18 19 22 23 24 27 28 30 33
Subgraph ID: 11_167	95 96 97 98 99 100 101 102 103 105 108
Subgraph ID: 11_164	14 17 18 22 23 27 28 29 30 31 33
Subgraph ID: 11_163	76 77 78 79 80 81 82 84 85 86 87
Subgraph ID: 11_163	76 77 78 79 80 81 82 83 84 85 86
Subgraph ID: 11_163	17 22 23 24 27 28 29 30 31 32 33
Subgraph ID: 11_136	17 22 23 24 25 27 28 29 30 31 33
Subgraph ID: 11_131	14 17 18 19 22 23 27 28 30 31 33
Subgraph ID: 11_131	14 17 18 19 22 23 27 28 29 30 33
Subgraph ID: 11_125	14 17 18 22 23 27 28 30 31 32 33
Subgraph ID: 11_114	76 77 78 80 81 82 84 85 86 87 88
Subgraph ID: 11_103	17 22 23 24 25 27 28 30 31 32 33
Subgraph ID: 10_95	95 96 97 98 101 102 103 105 106 108
Subgraph ID: 10_95	95 96 97 98 101 102 103 104 105 108
Subgraph ID: 10_90	95 96 97 98 99 101 102 103 105 108
Subgraph ID: 10_90	94 95 96 97 98 101 102 103 105 108
Subgraph ID: 10_82	14 17 18 22 23 24 27 28 30 33
Subgraph ID: 10_79	76 77 78 79 80 81 82 84 85 86
Subgraph ID: 10_79	17 22 23 24 27 28 29 30 31 33
Subgraph ID: 10_77	76 77 78 80 81 82 84 85 86 87
Subgraph ID: 10_77	76 77 78 80 81 82 83 84 85 86
Subgraph ID: 10_77	17 22 23 27 28 29 30 31 32 33
Subgraph ID: 10_66	14 17 18 22 23 27 28 30 31 33
Subgraph ID: 10_66	14 17 18 22 23 27 28 29 30 33
Subgraph ID: 10_57	14 17 18 19 22 23 27 28 30 33
Subgraph ID: 10_55	76 77 78 79 80 81 84 85 86 87
Subgraph ID: 10_55	76 77 78 79 80 81 82 83 84 85
Subgraph ID: 10_55	17 22 23 24 27 28 30 31 32 33
Subgraph ID: 10_48	17 22 23 24 25 27 28 30 31 33
Subgraph ID: 10_48	17 22 23 24 25 27 28 29 30 33
Subgraph ID: 10_35	76 77 78 80 81 84 85 86 87 88
Subgraph ID: 10_26	17 22 23 24 25 26 27 28 30 33
Subgraph ID: 9_41	95 96 97 98 101 102 103 105 108
Subgraph ID: 9_39	76 77 78 80 81 82 84 85 86
Subgraph ID: 9_39	17 22 23 27 28 29 30 31 33
Subgraph ID: 9_32	36 37 38 39 40 41 42 43 44
Subgraph ID: 9_31	76 77 78 79 80 81 84 85 86
Subgraph ID: 9_31	76 77 78 79 80 81 82 84 85
Subgraph ID: 9_31	17 22 23 24 27 28 30 31 33
Subgraph ID: 9_31	17 22 23 24 27 28 29 30 33
Subgraph ID: 9_29	14 17 18 22 23 27 28 30 33
Subgraph ID: 9_27	76 77 78 80 81 84 85 86 87
Subgraph ID: 9_27	76 77 78 80 81 82 83 84 85
Subgraph ID: 9_27	17 22 23 27 28 30 31 32 33
Subgraph ID: 9_21	17 22 23 24 25 27 28 30 33
Subgraph ID: 9_13	127 128 129 130 131 132 133 134 135
Subgraph ID: 8_6	85 86 87 88 89 90 91 92
Subgraph ID: 8_6	127 128 129 130 131 132 133 134
Subgraph ID: 8_21	36 37 38 39 40 41 42 44
Subgraph ID: 8_17	76 77 78 80 81 84 85 86
Subgraph ID: 8_17	76 77 78 80 81 82 84 85
Subgraph ID: 8_17	17 22 23 27 28 30 31 33
Subgraph ID: 8_17	17 22 23 27 28 29 30 33
Subgraph ID: 8_15	76 77 78 79 80 81 84 85
Subgraph ID: 8_15	17 22 23 24 27 28 30 33
Subgraph ID: 8_14	36 37 38 40 41 42 43 44
Subgraph ID: 8_12	127 128 129 130 131 132 134 135
Subgraph ID: 7_9	76 77 78 80 81 84 85
Subgraph ID: 7_9	17 22 23 27 28 30 33
Subgraph ID: 7_8	45 46 47 48 49 50 51
Subgraph ID: 7_7	127 128 129 130 131 134 135
Subgraph ID: 7_6	110 111 112 113 114 115 116
Subgraph ID: 7_5	86 87 88 89 90 91 92
Subgraph ID: 7_5	127 128 129 130 131 132 134
Subgraph ID: 7_3	54 55 56 57 58 59 60
Subgraph ID: 7_2	62 63 64 65 66 67 68
Subgraph ID: 7_10	36 37 38 40 41 42 44
Subgraph ID: 7_10	36 37 38 39 40 41 44
Subgraph ID: 6_6	36 37 38 40 41 44
Subgraph ID: 6_5	87 88 89 90 91 92
Subgraph ID: 6_5	127 128 129 130 134 135
Subgraph ID: 6_5	127 128 129 130 131 134
Subgraph ID: 6_4	110 111 112 114 115 116
Subgraph ID: 6_3	54 55 56 57 59 60
Subgraph ID: 6_3	46 47 48 49 50 51
Subgraph ID: 6_3	45 46 47 48 50 51
Subgraph ID: 6_3	45 46 47 48 49 50
Subgraph ID: 6_3	136 137 138 139 140 141
Subgraph ID: 6_2	63 64 65 66 67 68
Subgraph ID: 6_2	54 55 56 57 58 59
Subgraph ID: 5_3	88 89 90 91 92
Subgraph ID: 5_3	127 128 129 130 134
Subgraph ID: 5_2	8 9 10 11 12
Subgraph ID: 5_2	64 65 66 67 68
Subgraph ID: 5_2	54 55 56 59 60
Subgraph ID: 5_2	54 55 56 57 59
Subgraph ID: 5_2	46 47 48 50 51
Subgraph ID: 5_2	46 47 48 49 50
Subgraph ID: 5_2	45 46 47 48 50
Subgraph ID: 5_2	136 137 138 140 141
Subgraph ID: 5_2	136 137 138 139 140
Subgraph ID: 4_2	9 10 11 12
Subgraph ID: 4_2	65 66 67 68
Subgraph ID: 4_2	54 55 56 59
Subgraph ID: 4_2	46 47 48 50
Subgraph ID: 4_2	136 137 138 140
Subgraph ID: 4_1	85 86 87 88
Subgraph ID: 4_1	62 63 64 65
Subgraph ID: 4_1	23 24 25 26
Subgraph ID: 4_1	18 19 20 21
Subgraph ID: 4_1	130 131 132 133
Subgraph ID: 3_1	98 99 100
Subgraph ID: 3_1	86 87 88
Subgraph ID: 3_1	85 86 87
Subgraph ID: 3_1	81 82 83
Subgraph ID: 3_1	71 72 73
Subgraph ID: 3_1	63 64 65
Subgraph ID: 3_1	62 63 64
Subgraph ID: 3_1	56 57 58
Subgraph ID: 3_1	41 42 43
Subgraph ID: 3_1	30 31 32
Subgraph ID: 3_1	24 25 26
Subgraph ID: 3_1	23 24 25
Subgraph ID: 3_1	19 20 21
Subgraph ID: 3_1	18 19 20
Subgraph ID: 3_1	142 143 144
Subgraph ID: 3_1	131 132 133
Subgraph ID: 3_1	130 131 132
Subgraph ID: 3_1	120 121 122
Subgraph ID: 3_1	105 106 107
Subgraph ID: 2_1	99 100
Subgraph ID: 2_1	98 99
Subgraph ID: 2_1	94 95
Subgraph ID: 2_1	87 88
Subgraph ID: 2_1	86 87
Subgraph ID: 2_1	85 86
Subgraph ID: 2_1	82 83
Subgraph ID: 2_1	81 82
Subgraph ID: 2_1	8 9
Subgraph ID: 2_1	78 79
Subgraph ID: 2_1	72 73
Subgraph ID: 2_1	71 72
Subgraph ID: 2_1	69 70
Subgraph ID: 2_1	64 65
Subgraph ID: 2_1	63 64
Subgraph ID: 2_1	62 63
Subgraph ID: 2_1	6 7
Subgraph ID: 2_1	59 60
Subgraph ID: 2_1	57 58
Subgraph ID: 2_1	56 57
Subgraph ID: 2_1	50 51
Subgraph ID: 2_1	48 49
Subgraph ID: 2_1	45 46
Subgraph ID: 2_1	42 43
Subgraph ID: 2_1	41 42
Subgraph ID: 2_1	38 39
Subgraph ID: 2_1	31 32
Subgraph ID: 2_1	30 31
Subgraph ID: 2_1	28 29
Subgraph ID: 2_1	25 26
Subgraph ID: 2_1	24 25
Subgraph ID: 2_1	23 24
Subgraph ID: 2_1	20 21
Subgraph ID: 2_1	19 20
Subgraph ID: 2_1	18 19
Subgraph ID: 2_1	143 144
Subgraph ID: 2_1	142 143
Subgraph ID: 2_1	140 141
Subgraph ID: 2_1	138 139
Subgraph ID: 2_1	134 135
Subgraph ID: 2_1	132 133
Subgraph ID: 2_1	131 132
Subgraph ID: 2_1	130 131
Subgraph ID: 2_1	121 122
Subgraph ID: 2_1	120 121
Subgraph ID: 2_1	112 113
Subgraph ID: 2_1	106 107
Subgraph ID: 2_1	105 106
Subgraph ID: 2_1	103 104
Subgraph ID: 2_1	0 1
