Subgraph ID: 13_991	17 20 21 25 26 27 30 31 32 33 34 35 36
Subgraph ID: 13_979	17 20 21 22 25 26 27 30 31 32 33 34 36
Subgraph ID: 13_939	98 99 100 101 102 103 104 105 106 108 109 110 111
Subgraph ID: 13_883	17 20 21 25 26 27 28 30 31 33 34 35 36
Subgraph ID: 13_857	17 20 21 22 23 25 26 27 28 30 31 33 36
Subgraph ID: 13_850	79 80 81 82 83 84 85 86 87 88 89 90 91
Subgraph ID: 13_845	17 20 21 22 25 26 27 28 29 30 31 33 36
Subgraph ID: 13_822	17 20 21 22 25 26 27 30 31 33 34 35 36
Subgraph ID: 13_801	17 20 21 25 26 27 28 29 30 31 33 34 36
Subgraph ID: 13_801	17 20 21 25 26 27 28 29 30 31 32 33 36
Subgraph ID: 13_799	17 20 21 22 25 26 30 31 32 33 34 35 36
Subgraph ID: 13_758	17 20 21 22 23 25 26 27 30 31 33 34 36
Subgraph ID: 13_758	17 20 21 22 23 25 26 27 30 31 32 33 36
Subgraph ID: 13_635	17 20 21 22 23 25 26 30 31 32 33 34 36
Subgraph ID: 13_517	20 25 26 27 28 29 30 31 32 33 34 35 36
Subgraph ID: 13_511	17 20 21 22 23 25 26 30 31 33 34 35 36
Subgraph ID: 13_491	17 20 21 22 23 24 25 26 27 30 31 33 36
Subgraph ID: 13_366	17 20 21 22 23 24 25 26 30 31 33 34 36
Subgraph ID: 13_366	17 20 21 22 23 24 25 26 30 31 32 33 36
Subgraph ID: 13_1269	17 38 39 48 55 56 57 64 65 66 72 73 74
Subgraph ID: 13_1253	17 38 39 48 49 55 56 57 64 65 72 74 75
Subgraph ID: 13_1235	17 38 39 48 55 56 57 64 65 72 73 74 75
Subgraph ID: 13_1235	17 38 39 48 55 56 57 64 65 66 72 74 75
Subgraph ID: 13_1235	17 38 39 48 49 55 56 57 64 65 72 73 74
Subgraph ID: 13_1235	17 38 39 48 49 55 56 57 64 65 66 72 74
Subgraph ID: 13_1195	97 98 99 100 101 102 104 105 106 107 108 109 111
Subgraph ID: 13_1185	17 38 39 48 55 56 57 64 65 66 67 72 74
Subgraph ID: 13_1150	17 38 39 48 55 56 57 64 65 72 74 75 76
Subgraph ID: 13_1142	98 99 100 101 102 104 105 106 107 108 109 110 111
Subgraph ID: 13_1142	97 98 99 100 101 104 105 106 107 108 109 110 111
Subgraph ID: 13_1101	97 98 99 100 101 102 103 104 105 106 108 109 111
Subgraph ID: 13_1101	97 98 99 100 101 102 103 104 105 106 107 108 111
Subgraph ID: 13_1082	97 98 99 100 101 102 104 105 106 108 109 110 111
Subgraph ID: 13_1079	17 20 21 22 25 26 27 28 30 31 33 34 36
Subgraph ID: 13_1079	17 20 21 22 25 26 27 28 30 31 32 33 36
Subgraph ID: 13_1053	17 20 21 25 26 27 28 30 31 32 33 34 36
Subgraph ID: 13_1052	98 99 100 101 102 103 104 105 106 107 108 109 111
Subgraph ID: 12_529	17 38 39 48 55 56 57 64 65 72 73 74
Subgraph ID: 12_529	17 38 39 48 55 56 57 64 65 66 72 74
Subgraph ID: 12_522	17 38 39 48 55 56 57 64 65 72 74 75
Subgraph ID: 12_522	17 38 39 48 49 55 56 57 64 65 72 74
Subgraph ID: 12_500	98 99 100 101 102 104 105 106 107 108 109 111
Subgraph ID: 12_500	97 98 99 100 101 104 105 106 107 108 109 111
Subgraph ID: 12_495	97 98 99 100 101 102 104 105 106 108 109 111
Subgraph ID: 12_495	97 98 99 100 101 102 104 105 106 107 108 111
Subgraph ID: 12_488	98 99 100 101 104 105 106 107 108 109 110 111
Subgraph ID: 12_460	97 98 99 100 101 102 103 104 105 106 108 111
Subgraph ID: 12_446	17 20 21 22 25 26 27 28 30 31 33 36
Subgraph ID: 12_445	79 80 81 82 83 84 85 86 87 88 89 90
Subgraph ID: 12_441	17 20 21 25 26 27 30 31 32 33 34 36
Subgraph ID: 12_434	98 99 100 101 102 104 105 106 108 109 110 111
Subgraph ID: 12_434	97 98 99 100 101 104 105 106 108 109 110 111
Subgraph ID: 12_429	17 20 21 25 26 27 28 30 31 33 34 36
Subgraph ID: 12_429	17 20 21 25 26 27 28 30 31 32 33 36
Subgraph ID: 12_414	98 99 100 101 102 103 104 105 106 108 109 111
Subgraph ID: 12_414	98 99 100 101 102 103 104 105 106 107 108 111
Subgraph ID: 12_396	17 20 21 22 25 26 27 30 31 33 34 36
Subgraph ID: 12_396	17 20 21 22 25 26 27 30 31 32 33 36
Subgraph ID: 12_379	17 20 21 25 26 30 31 32 33 34 35 36
Subgraph ID: 12_358	17 20 21 25 26 27 30 31 33 34 35 36
Subgraph ID: 12_341	17 20 21 22 25 26 30 31 32 33 34 36
Subgraph ID: 12_321	20 25 26 27 28 30 31 32 33 34 35 36
Subgraph ID: 12_316	79 80 81 83 84 85 86 87 88 89 90 91
Subgraph ID: 12_312	17 20 21 22 23 25 26 27 30 31 33 36
Subgraph ID: 12_309	17 20 21 25 26 27 28 29 30 31 33 36
Subgraph ID: 12_286	79 80 81 82 83 84 85 87 88 89 90 91
Subgraph ID: 12_269	17 20 21 22 25 26 30 31 33 34 35 36
Subgraph ID: 12_235	17 20 21 22 23 25 26 30 31 33 34 36
Subgraph ID: 12_235	17 20 21 22 23 25 26 30 31 32 33 36
Subgraph ID: 12_203	20 25 26 27 28 29 30 31 32 33 34 36
Subgraph ID: 12_156	20 25 26 27 28 29 30 31 33 34 35 36
Subgraph ID: 12_145	17 20 21 22 23 24 25 26 30 31 33 36
Subgraph ID: 11_96	17 20 21 22 23 25 26 30 31 33 36
Subgraph ID: 11_82	79 80 81 82 83 84 87 88 89 90 91
Subgraph ID: 11_68	20 25 26 27 28 29 30 31 33 34 36
Subgraph ID: 11_68	20 25 26 27 28 29 30 31 32 33 36
Subgraph ID: 11_224	17 38 39 48 55 56 57 64 65 72 74
Subgraph ID: 11_218	98 99 100 101 104 105 106 107 108 109 111
Subgraph ID: 11_211	97 98 99 100 101 102 104 105 106 108 111
Subgraph ID: 11_203	98 99 100 101 102 104 105 106 108 109 111
Subgraph ID: 11_203	98 99 100 101 102 104 105 106 107 108 111
Subgraph ID: 11_203	97 98 99 100 101 104 105 106 108 109 111
Subgraph ID: 11_203	97 98 99 100 101 104 105 106 107 108 111
Subgraph ID: 11_186	98 99 100 101 104 105 106 108 109 110 111
Subgraph ID: 11_184	17 20 21 25 26 27 28 30 31 33 36
Subgraph ID: 11_179	79 80 81 83 84 85 86 87 88 89 90
Subgraph ID: 11_174	17 20 21 25 26 27 30 31 33 34 36
Subgraph ID: 11_174	17 20 21 25 26 27 30 31 32 33 36
Subgraph ID: 11_168	17 20 21 22 25 26 27 30 31 33 36
Subgraph ID: 11_167	98 99 100 101 102 103 104 105 106 108 111
Subgraph ID: 11_164	17 20 21 25 26 30 31 32 33 34 36
Subgraph ID: 11_163	79 80 81 82 83 84 85 87 88 89 90
Subgraph ID: 11_163	79 80 81 82 83 84 85 86 87 88 89
Subgraph ID: 11_163	20 25 26 27 30 31 32 33 34 35 36
Subgraph ID: 11_136	20 25 26 27 28 30 31 32 33 34 36
Subgraph ID: 11_131	17 20 21 22 25 26 30 31 33 34 36
Subgraph ID: 11_131	17 20 21 22 25 26 30 31 32 33 36
Subgraph ID: 11_125	17 20 21 25 26 30 31 33 34 35 36
Subgraph ID: 11_114	79 80 81 83 84 85 87 88 89 90 91
Subgraph ID: 11_103	20 25 26 27 28 30 31 33 34 35 36
Subgraph ID: 10_95	98 99 100 101 104 105 106 108 109 111
Subgraph ID: 10_95	98 99 100 101 104 105 106 107 108 111
Subgraph ID: 10_90	98 99 100 101 102 104 105 106 108 111
Subgraph ID: 10_90	97 98 99 100 101 104 105 106 108 111
Subgraph ID: 10_82	17 20 21 25 26 27 30 31 33 36
Subgraph ID: 10_79	79 80 81 82 83 84 85 87 88 89
Subgraph ID: 10_79	20 25 26 27 30 31 32 33 34 36
Subgraph ID: 10_77	79 80 81 83 84 85 87 88 89 90
Subgraph ID: 10_77	79 80 81 83 84 85 86 87 88 89
Subgraph ID: 10_77	20 25 26 30 31 32 33 34 35 36
Subgraph ID: 10_66	17 20 21 25 26 30 31 33 34 36
Subgraph ID: 10_66	17 20 21 25 26 30 31 32 33 36
Subgraph ID: 10_57	17 20 21 22 25 26 30 31 33 36
Subgraph ID: 10_55	79 80 81 82 83 84 87 88 89 90
Subgraph ID: 10_55	79 80 81 82 83 84 85 86 87 88
Subgraph ID: 10_55	20 25 26 27 30 31 33 34 35 36
Subgraph ID: 10_48	20 25 26 27 28 30 31 33 34 36
Subgraph ID: 10_48	20 25 26 27 28 30 31 32 33 36
Subgraph ID: 10_35	79 80 81 83 84 87 88 89 90 91
Subgraph ID: 10_26	20 25 26 27 28 29 30 31 33 36
Subgraph ID: 9_41	98 99 100 101 104 105 106 108 111
Subgraph ID: 9_39	79 80 81 83 84 85 87 88 89
Subgraph ID: 9_39	20 25 26 30 31 32 33 34 36
Subgraph ID: 9_32	39 40 41 42 43 44 45 46 47
Subgraph ID: 9_31	79 80 81 82 83 84 87 88 89
Subgraph ID: 9_31	79 80 81 82 83 84 85 87 88
Subgraph ID: 9_31	20 25 26 27 30 31 33 34 36
Subgraph ID: 9_31	20 25 26 27 30 31 32 33 36
Subgraph ID: 9_29	17 20 21 25 26 30 31 33 36
Subgraph ID: 9_27	79 80 81 83 84 87 88 89 90
Subgraph ID: 9_27	79 80 81 83 84 85 86 87 88
Subgraph ID: 9_27	20 25 26 30 31 33 34 35 36
Subgraph ID: 9_21	20 25 26 27 28 30 31 33 36
Subgraph ID: 9_13	130 131 132 133 134 135 136 137 138
Subgraph ID: 8_6	88 89 90 91 92 93 94 95
Subgraph ID: 8_6	130 131 132 133 134 135 136 137
Subgraph ID: 8_21	39 40 41 42 43 44 45 47
Subgraph ID: 8_17	79 80 81 83 84 87 88 89
Subgraph ID: 8_17	79 80 81 83 84 85 87 88
Subgraph ID: 8_17	20 25 26 30 31 33 34 36
Subgraph ID: 8_17	20 25 26 30 31 32 33 36
Subgraph ID: 8_15	79 80 81 82 83 84 87 88
Subgraph ID: 8_15	20 25 26 27 30 31 33 36
Subgraph ID: 8_14	39 40 41 43 44 45 46 47
Subgraph ID: 8_12	130 131 132 133 134 135 137 138
Subgraph ID: 7_9	79 80 81 83 84 87 88
Subgraph ID: 7_9	20 25 26 30 31 33 36
Subgraph ID: 7_8	48 49 50 51 52 53 54
Subgraph ID: 7_7	130 131 132 133 134 137 138
Subgraph ID: 7_6	113 114 115 116 117 118 119
Subgraph ID: 7_5	89 90 91 92 93 94 95
Subgraph ID: 7_5	130 131 132 133 134 135 137
Subgraph ID: 7_3	57 58 59 60 61 62 63
Subgraph ID: 7_2	65 66 67 68 69 70 71
Subgraph ID: 7_10	39 40 41 43 44 45 47
Subgraph ID: 7_10	39 40 41 42 43 44 47
Subgraph ID: 6_6	39 40 41 43 44 47
Subgraph ID: 6_5	90 91 92 93 94 95
Subgraph ID: 6_5	130 131 132 133 137 138
Subgraph ID: 6_5	130 131 132 133 134 137
Subgraph ID: 6_4	113 114 115 117 118 119
Subgraph ID: 6_3	57 58 59 60 62 63
Subgraph ID: 6_3	49 50 51 52 53 54
Subgraph ID: 6_3	48 49 50 51 53 54
Subgraph ID: 6_3	48 49 50 51 52 53
Subgraph ID: 6_3	139 140 141 142 143 144
Subgraph ID: 6_2	66 67 68 69 70 71
Subgraph ID: 6_2	57 58 59 60 61 62
Subgraph ID: 5_3	91 92 93 94 95
Subgraph ID: 5_3	130 131 132 133 137
Subgraph ID: 5_2	67 68 69 70 71
Subgraph ID: 5_2	57 58 59 62 63
Subgraph ID: 5_2	57 58 59 60 62
Subgraph ID: 5_2	49 50 51 53 54
Subgraph ID: 5_2	49 50 51 52 53
Subgraph ID: 5_2	48 49 50 51 53
Subgraph ID: 5_2	139 140 141 143 144
Subgraph ID: 5_2	139 140 141 142 143
Subgraph ID: 5_2	11 12 13 14 15
Subgraph ID: 4_2	68 69 70 71
Subgraph ID: 4_2	57 58 59 62
Subgraph ID: 4_2	49 50 51 53
Subgraph ID: 4_2	139 140 141 143
Subgraph ID: 4_2	12 13 14 15
Subgraph ID: 4_1	88 89 90 91
Subgraph ID: 4_1	65 66 67 68
Subgraph ID: 4_1	26 27 28 29
Subgraph ID: 4_1	21 22 23 24
Subgraph ID: 4_1	133 134 135 136
Subgraph ID: 3_1	89 90 91
Subgraph ID: 3_1	88 89 90
Subgraph ID: 3_1	84 85 86
Subgraph ID: 3_1	74 75 76
Subgraph ID: 3_1	66 67 68
Subgraph ID: 3_1	65 66 67
Subgraph ID: 3_1	59 60 61
Subgraph ID: 3_1	44 45 46
Subgraph ID: 3_1	33 34 35
Subgraph ID: 3_1	27 28 29
Subgraph ID: 3_1	26 27 28
Subgraph ID: 3_1	22 23 24
Subgraph ID: 3_1	21 22 23
Subgraph ID: 3_1	145 146 147
Subgraph ID: 3_1	134 135 136
Subgraph ID: 3_1	133 134 135
Subgraph ID: 3_1	123 124 125
Subgraph ID: 3_1	108 109 110
Subgraph ID: 3_1	101 102 103
Subgraph ID: 2_1	97 98
Subgraph ID: 2_1	90 91
Subgraph ID: 2_1	9 10
Subgraph ID: 2_1	89 90
Subgraph ID: 2_1	88 89
Subgraph ID: 2_1	85 86
Subgraph ID: 2_1	84 85
Subgraph ID: 2_1	81 82
Subgraph ID: 2_1	75 76
Subgraph ID: 2_1	74 75
Subgraph ID: 2_1	72 73
Subgraph ID: 2_1	67 68
Subgraph ID: 2_1	66 67
Subgraph ID: 2_1	65 66
Subgraph ID: 2_1	62 63
Subgraph ID: 2_1	60 61
Subgraph ID: 2_1	59 60
Subgraph ID: 2_1	53 54
Subgraph ID: 2_1	51 52
Subgraph ID: 2_1	48 49
Subgraph ID: 2_1	45 46
Subgraph ID: 2_1	44 45
Subgraph ID: 2_1	41 42
Subgraph ID: 2_1	4 5
Subgraph ID: 2_1	34 35
Subgraph ID: 2_1	33 34
Subgraph ID: 2_1	31 32
Subgraph ID: 2_1	28 29
Subgraph ID: 2_1	27 28
Subgraph ID: 2_1	26 27
Subgraph ID: 2_1	23 24
Subgraph ID: 2_1	22 23
Subgraph ID: 2_1	21 22
Subgraph ID: 2_1	146 147
Subgraph ID: 2_1	145 146
Subgraph ID: 2_1	143 144
Subgraph ID: 2_1	141 142
Subgraph ID: 2_1	137 138
Subgraph ID: 2_1	135 136
Subgraph ID: 2_1	134 135
Subgraph ID: 2_1	133 134
Subgraph ID: 2_1	124 125
Subgraph ID: 2_1	123 124
Subgraph ID: 2_1	115 116
Subgraph ID: 2_1	11 12
Subgraph ID: 2_1	109 110
Subgraph ID: 2_1	108 109
Subgraph ID: 2_1	106 107
Subgraph ID: 2_1	102 103
Subgraph ID: 2_1	101 102
