Subgraph ID: 13_935	14 15 16 17 18 20 21 22 26 27 28 29 32
Subgraph ID: 13_935	14 15 16 17 18 20 21 22 23 26 27 28 32
Subgraph ID: 13_932	14 15 16 20 21 22 23 26 27 28 29 30 32
Subgraph ID: 13_932	14 15 16 20 21 22 23 24 26 27 28 29 32
Subgraph ID: 13_930	71 72 73 74 75 76 77 78 79 80 81 82 83
Subgraph ID: 13_871	14 15 16 17 20 21 22 26 27 28 29 30 32
Subgraph ID: 13_871	14 15 16 17 20 21 22 23 24 26 27 28 32
Subgraph ID: 13_703	106 107 108 109 110 128 129 130 131 132 133 134 135
Subgraph ID: 13_701	14 70 71 72 73 74 75 76 77 78 79 91 92
Subgraph ID: 13_629	14 15 16 17 18 19 20 21 22 26 27 28 32
Subgraph ID: 13_623	14 15 16 17 18 20 21 26 27 28 29 30 32
Subgraph ID: 13_623	14 15 16 17 18 20 21 22 23 24 26 27 32
Subgraph ID: 13_535	14 15 16 17 18 19 20 21 26 27 28 29 32
Subgraph ID: 13_535	14 15 16 17 18 19 20 21 22 23 26 27 32
Subgraph ID: 13_530	14 15 16 20 21 22 26 27 28 29 30 31 32
Subgraph ID: 13_530	14 15 16 20 21 22 23 24 25 26 27 28 32
Subgraph ID: 13_529	72 74 75 76 77 78 79 80 81 82 83 84 85
Subgraph ID: 13_437	14 15 16 17 20 21 26 27 28 29 30 31 32
Subgraph ID: 13_437	14 15 16 17 20 21 22 23 24 25 26 27 32
Subgraph ID: 13_1291	110 111 112 113 119 120 121 122 123 124 125 126 127
Subgraph ID: 13_1291	109 110 111 112 119 120 121 122 123 124 125 126 127
Subgraph ID: 13_1291	109 110 111 112 113 119 120 121 122 123 125 126 127
Subgraph ID: 13_1291	109 110 111 112 113 119 120 121 122 123 124 125 126
Subgraph ID: 13_1163	14 15 16 17 20 21 22 23 26 27 28 29 32
Subgraph ID: 12_58	79 80 81 82 83 84 85 86 87 88 89 90
Subgraph ID: 12_543	110 111 112 119 120 121 122 123 124 125 126 127
Subgraph ID: 12_543	110 111 112 113 119 120 121 122 123 125 126 127
Subgraph ID: 12_543	110 111 112 113 119 120 121 122 123 124 125 126
Subgraph ID: 12_543	109 110 111 112 119 120 121 122 123 125 126 127
Subgraph ID: 12_543	109 110 111 112 119 120 121 122 123 124 125 126
Subgraph ID: 12_543	109 110 111 112 113 119 120 121 122 123 125 126
Subgraph ID: 12_477	14 15 16 20 21 22 23 26 27 28 29 32
Subgraph ID: 12_452	14 15 16 17 20 21 22 26 27 28 29 32
Subgraph ID: 12_452	14 15 16 17 20 21 22 23 26 27 28 32
Subgraph ID: 12_431	93 94 95 96 97 98 99 100 101 102 103 104
Subgraph ID: 12_382	14 15 16 17 18 20 21 22 26 27 28 32
Subgraph ID: 12_351	14 15 16 20 21 22 26 27 28 29 30 32
Subgraph ID: 12_351	14 15 16 20 21 22 23 24 26 27 28 32
Subgraph ID: 12_331	14 15 16 17 18 20 21 26 27 28 29 32
Subgraph ID: 12_331	14 15 16 17 18 20 21 22 23 26 27 32
Subgraph ID: 12_288	14 15 16 17 20 21 26 27 28 29 30 32
Subgraph ID: 12_288	14 15 16 17 20 21 22 23 24 26 27 32
Subgraph ID: 12_260	72 74 75 76 77 78 79 80 81 82 83 84
Subgraph ID: 12_239	107 108 109 110 128 129 130 131 132 133 134 135
Subgraph ID: 12_239	106 107 108 109 128 129 130 131 132 133 134 135
Subgraph ID: 12_239	106 107 108 109 110 128 130 131 132 133 134 135
Subgraph ID: 12_220	14 15 16 17 18 19 20 21 26 27 28 32
Subgraph ID: 12_220	14 15 16 17 18 19 20 21 22 26 27 32
Subgraph ID: 12_165	14 15 16 20 21 26 27 28 29 30 31 32
Subgraph ID: 12_165	14 15 16 20 21 22 23 24 25 26 27 32
Subgraph ID: 11_78	107 108 109 128 129 130 131 132 133 134 135
Subgraph ID: 11_78	107 108 109 110 128 130 131 132 133 134 135
Subgraph ID: 11_78	106 107 108 109 128 130 131 132 133 134 135
Subgraph ID: 11_77	14 15 16 17 18 19 20 21 26 27 32
Subgraph ID: 11_23	79 80 81 82 83 84 85 86 87 88 90
Subgraph ID: 11_228	110 111 112 119 120 121 122 123 125 126 127
Subgraph ID: 11_228	110 111 112 119 120 121 122 123 124 125 126
Subgraph ID: 11_228	110 111 112 113 119 120 121 122 123 125 126
Subgraph ID: 11_228	109 110 111 112 119 120 121 122 123 125 126
Subgraph ID: 11_202	14 15 16 17 20 21 22 26 27 28 32
Subgraph ID: 11_200	14 15 16 20 21 22 26 27 28 29 32
Subgraph ID: 11_200	14 15 16 20 21 22 23 26 27 28 32
Subgraph ID: 11_195	93 94 95 96 97 98 99 100 101 102 104
Subgraph ID: 11_185	94 95 96 97 98 99 100 101 102 103 104
Subgraph ID: 11_165	14 15 16 17 20 21 26 27 28 29 32
Subgraph ID: 11_165	14 15 16 17 20 21 22 23 26 27 32
Subgraph ID: 11_153	93 94 95 96 97 98 99 101 102 103 104
Subgraph ID: 11_151	70 71 72 73 74 75 76 77 78 79 91
Subgraph ID: 11_143	14 15 16 17 18 20 21 26 27 28 32
Subgraph ID: 11_143	14 15 16 17 18 20 21 22 26 27 32
Subgraph ID: 11_119	14 15 16 20 21 26 27 28 29 30 32
Subgraph ID: 11_119	14 15 16 20 21 22 23 24 26 27 32
Subgraph ID: 11_117	72 74 75 76 77 78 79 80 81 82 83
Subgraph ID: 10_98	14 15 16 20 21 22 26 27 28 32
Subgraph ID: 10_91	94 95 96 97 98 99 100 101 102 104
Subgraph ID: 10_83	14 15 16 17 20 21 26 27 28 32
Subgraph ID: 10_83	14 15 16 17 20 21 22 26 27 32
Subgraph ID: 10_81	93 94 95 96 97 98 99 101 102 104
Subgraph ID: 10_81	93 94 95 96 97 98 99 100 101 104
Subgraph ID: 10_78	14 15 16 20 21 26 27 28 29 32
Subgraph ID: 10_78	14 15 16 20 21 22 23 26 27 32
Subgraph ID: 10_68	94 95 96 97 98 99 101 102 103 104
Subgraph ID: 10_56	14 15 16 17 18 20 21 26 27 32
Subgraph ID: 10_31	107 108 109 128 130 131 132 133 134 135
Subgraph ID: 10_102	106 107 108 109 110 128 129 130 131 135
Subgraph ID: 10_101	110 111 112 119 120 121 122 123 125 126
Subgraph ID: 9_44	107 108 109 110 128 129 130 131 135
Subgraph ID: 9_44	106 107 108 109 128 129 130 131 135
Subgraph ID: 9_44	106 107 108 109 110 128 130 131 135
Subgraph ID: 9_44	106 107 108 109 110 128 129 130 135
Subgraph ID: 9_40	14 15 16 20 21 26 27 28 32
Subgraph ID: 9_40	14 15 16 20 21 22 26 27 32
Subgraph ID: 9_38	94 95 96 97 98 99 101 102 104
Subgraph ID: 9_38	94 95 96 97 98 99 100 101 104
Subgraph ID: 9_38	93 94 95 96 97 98 99 101 104
Subgraph ID: 9_37	14 15 16 17 20 21 26 27 32
Subgraph ID: 9_36	71 72 73 74 75 76 77 78 79
Subgraph ID: 8_21	107 108 109 128 129 130 131 135
Subgraph ID: 8_21	107 108 109 110 128 130 131 135
Subgraph ID: 8_21	107 108 109 110 128 129 130 135
Subgraph ID: 8_21	106 107 108 109 128 130 131 135
Subgraph ID: 8_21	106 107 108 109 128 129 130 135
Subgraph ID: 8_21	106 107 108 109 110 128 130 135
Subgraph ID: 8_19	14 15 16 20 21 26 27 32
Subgraph ID: 8_18	94 95 96 97 98 99 101 104
Subgraph ID: 8_12	83 84 85 86 87 88 89 90
Subgraph ID: 8_10	142 143 144 145 146 147 148 149
Subgraph ID: 7_9	72 74 75 76 77 78 79
Subgraph ID: 7_8	142 143 144 145 146 147 148
Subgraph ID: 7_7	84 85 86 87 88 89 90
Subgraph ID: 7_6	112 113 114 115 116 117 118
Subgraph ID: 7_5	83 84 85 86 87 88 90
Subgraph ID: 7_5	79 80 81 82 83 84 85
Subgraph ID: 7_3	51 52 53 54 55 56 57
Subgraph ID: 7_3	143 144 145 146 147 148 149
Subgraph ID: 7_3	142 143 144 145 147 148 149
Subgraph ID: 7_10	107 108 109 128 130 131 135
Subgraph ID: 7_10	107 108 109 128 129 130 135
Subgraph ID: 7_10	107 108 109 110 128 130 135
Subgraph ID: 7_10	106 107 108 109 128 130 135
Subgraph ID: 6_6	107 108 109 128 130 135
Subgraph ID: 6_5	85 86 87 88 89 90
Subgraph ID: 6_5	84 85 86 87 88 90
Subgraph ID: 6_5	79 80 81 82 83 84
Subgraph ID: 6_4	113 114 115 116 117 118
Subgraph ID: 6_3	51 52 53 54 56 57
Subgraph ID: 6_3	43 44 45 46 47 48
Subgraph ID: 6_3	143 144 145 146 147 148
Subgraph ID: 6_3	142 143 144 145 147 148
Subgraph ID: 6_3	142 143 144 145 146 147
Subgraph ID: 6_2	51 52 53 54 55 56
Subgraph ID: 6_2	143 144 145 147 148 149
Subgraph ID: 5_3	85 86 87 88 90
Subgraph ID: 5_3	79 80 81 82 83
Subgraph ID: 5_2	51 52 53 56 57
Subgraph ID: 5_2	51 52 53 54 56
Subgraph ID: 5_2	44 45 46 47 48
Subgraph ID: 5_2	43 44 45 46 47
Subgraph ID: 5_2	143 144 145 147 148
Subgraph ID: 5_2	143 144 145 146 147
Subgraph ID: 5_2	142 143 144 145 147
Subgraph ID: 5_2	130 131 132 133 134
Subgraph ID: 5_1	61 62 63 64 65
Subgraph ID: 5_1	27 28 29 30 31
Subgraph ID: 5_1	21 22 23 24 25
Subgraph ID: 4_2	6 7 8 9
Subgraph ID: 4_2	51 52 53 56
Subgraph ID: 4_2	44 45 46 47
Subgraph ID: 4_2	143 144 145 147
Subgraph ID: 4_2	131 132 133 134
Subgraph ID: 4_1	62 63 64 65
Subgraph ID: 4_1	61 62 63 64
Subgraph ID: 4_1	28 29 30 31
Subgraph ID: 4_1	27 28 29 30
Subgraph ID: 4_1	22 23 24 25
Subgraph ID: 4_1	21 22 23 24
Subgraph ID: 4_1	16 17 18 19
Subgraph ID: 4_1	150 151 152 153
Subgraph ID: 3_1	83 84 85
Subgraph ID: 3_1	63 64 65
Subgraph ID: 3_1	62 63 64
Subgraph ID: 3_1	61 62 63
Subgraph ID: 3_1	53 54 55
Subgraph ID: 3_1	39 40 41
Subgraph ID: 3_1	29 30 31
Subgraph ID: 3_1	28 29 30
Subgraph ID: 3_1	27 28 29
Subgraph ID: 3_1	23 24 25
Subgraph ID: 3_1	22 23 24
Subgraph ID: 3_1	21 22 23
Subgraph ID: 3_1	17 18 19
Subgraph ID: 3_1	16 17 18
Subgraph ID: 3_1	151 152 153
Subgraph ID: 3_1	150 151 152
Subgraph ID: 3_1	147 148 149
Subgraph ID: 3_1	101 102 103
Subgraph ID: 2_1	99 100
Subgraph ID: 2_1	93 94
Subgraph ID: 2_1	88 89
Subgraph ID: 2_1	84 85
Subgraph ID: 2_1	83 84
Subgraph ID: 2_1	67 68
Subgraph ID: 2_1	64 65
Subgraph ID: 2_1	63 64
Subgraph ID: 2_1	62 63
Subgraph ID: 2_1	61 62
Subgraph ID: 2_1	58 59
Subgraph ID: 2_1	56 57
Subgraph ID: 2_1	54 55
Subgraph ID: 2_1	53 54
Subgraph ID: 2_1	47 48
Subgraph ID: 2_1	43 44
Subgraph ID: 2_1	40 41
Subgraph ID: 2_1	39 40
Subgraph ID: 2_1	30 31
Subgraph ID: 2_1	3 4
Subgraph ID: 2_1	29 30
Subgraph ID: 2_1	28 29
Subgraph ID: 2_1	27 28
Subgraph ID: 2_1	24 25
Subgraph ID: 2_1	23 24
Subgraph ID: 2_1	22 23
Subgraph ID: 2_1	21 22
Subgraph ID: 2_1	18 19
Subgraph ID: 2_1	17 18
Subgraph ID: 2_1	16 17
Subgraph ID: 2_1	152 153
Subgraph ID: 2_1	151 152
Subgraph ID: 2_1	150 151
Subgraph ID: 2_1	148 149
Subgraph ID: 2_1	147 148
Subgraph ID: 2_1	145 146
Subgraph ID: 2_1	142 143
Subgraph ID: 2_1	140 141
Subgraph ID: 2_1	138 139
Subgraph ID: 2_1	130 131
Subgraph ID: 2_1	128 129
Subgraph ID: 2_1	126 127
Subgraph ID: 2_1	123 124
Subgraph ID: 2_1	112 113
Subgraph ID: 2_1	109 110
Subgraph ID: 2_1	106 107
Subgraph ID: 2_1	102 103
Subgraph ID: 2_1	101 102
