Subgraph ID: 13_939	5 6 7 8 9 10 11 18 19 20 21 23 24
Subgraph ID: 13_869	54 55 56 57 58 59 60 62 63 72 73 75 76
Subgraph ID: 13_869	54 55 56 57 58 59 60 61 62 72 73 75 76
Subgraph ID: 13_763	54 55 56 57 58 59 60 61 62 63 72 75 76
Subgraph ID: 13_757	0 34 35 36 37 40 41 46 47 48 49 50 51
Subgraph ID: 13_757	0 34 35 36 37 38 40 46 47 48 49 50 51
Subgraph ID: 13_683	0 34 35 36 37 38 40 41 46 47 49 50 51
Subgraph ID: 13_662	55 56 57 58 59 60 61 62 63 72 73 74 75
Subgraph ID: 13_504	0 34 35 36 37 38 39 40 41 46 49 50 51
Subgraph ID: 13_499	0 34 35 36 37 38 39 40 46 47 49 50 51
Subgraph ID: 13_1226	4 5 6 7 8 9 10 11 18 21 23 24 25
Subgraph ID: 13_1200	5 6 7 8 10 11 12 18 19 21 22 23 24
Subgraph ID: 13_1198	4 5 6 7 8 10 11 18 21 22 23 24 25
Subgraph ID: 13_1198	4 5 6 7 8 10 11 18 19 21 23 24 25
Subgraph ID: 13_1198	4 5 6 7 8 10 11 12 18 21 23 24 25
Subgraph ID: 13_1197	0 1 2 34 35 46 49 50 51 52 54 77 81
Subgraph ID: 13_1186	4 5 6 7 8 10 11 18 21 23 24 25 26
Subgraph ID: 13_1181	5 6 7 10 11 12 18 19 20 21 22 23 24
Subgraph ID: 13_1157	4 5 6 7 10 11 18 19 21 22 23 24 25
Subgraph ID: 13_1157	4 5 6 7 10 11 12 18 21 22 23 24 25
Subgraph ID: 13_1157	4 5 6 7 10 11 12 18 19 21 23 24 25
Subgraph ID: 13_1101	5 6 7 8 10 11 18 19 20 21 22 23 24
Subgraph ID: 13_1101	5 6 7 8 10 11 12 18 19 20 21 23 24
Subgraph ID: 13_1087	4 5 6 7 10 11 18 21 22 23 24 25 26
Subgraph ID: 13_1087	4 5 6 7 10 11 18 19 21 23 24 25 26
Subgraph ID: 13_1087	4 5 6 7 10 11 12 18 21 23 24 25 26
Subgraph ID: 13_1082	5 6 7 8 9 10 11 18 19 21 22 23 24
Subgraph ID: 13_1082	5 6 7 8 9 10 11 12 18 21 22 23 24
Subgraph ID: 13_1082	5 6 7 8 9 10 11 12 18 19 21 23 24
Subgraph ID: 13_1033	54 55 56 57 58 59 60 62 72 73 74 75 76
Subgraph ID: 13_1012	4 5 6 7 10 11 18 19 20 21 23 24 25
Subgraph ID: 12_524	4 5 6 7 8 10 11 18 21 23 24 25
Subgraph ID: 12_516	5 6 7 10 11 12 18 19 21 22 23 24
Subgraph ID: 12_495	5 6 7 8 10 11 18 19 21 22 23 24
Subgraph ID: 12_495	5 6 7 8 10 11 12 18 21 22 23 24
Subgraph ID: 12_495	5 6 7 8 10 11 12 18 19 21 23 24
Subgraph ID: 12_472	4 5 6 7 10 11 18 21 22 23 24 25
Subgraph ID: 12_472	4 5 6 7 10 11 18 19 21 23 24 25
Subgraph ID: 12_472	4 5 6 7 10 11 12 18 21 23 24 25
Subgraph ID: 12_463	4 5 6 7 10 11 18 21 23 24 25 26
Subgraph ID: 12_460	5 6 7 10 11 18 19 20 21 22 23 24
Subgraph ID: 12_460	5 6 7 10 11 12 18 19 20 21 23 24
Subgraph ID: 12_434	5 6 7 8 9 10 11 18 21 22 23 24
Subgraph ID: 12_434	5 6 7 8 9 10 11 18 19 21 23 24
Subgraph ID: 12_434	5 6 7 8 9 10 11 12 18 21 23 24
Subgraph ID: 12_417	54 55 56 57 58 59 60 62 72 73 75 76
Subgraph ID: 12_414	5 6 7 8 10 11 18 19 20 21 23 24
Subgraph ID: 12_384	0 34 35 36 37 40 46 47 48 49 50 51
Subgraph ID: 12_330	55 56 57 58 59 60 61 62 63 72 73 75
Subgraph ID: 12_319	54 55 56 57 58 59 60 62 63 72 75 76
Subgraph ID: 12_319	54 55 56 57 58 59 60 61 62 72 75 76
Subgraph ID: 12_284	0 34 35 36 37 40 41 46 47 49 50 51
Subgraph ID: 12_284	0 34 35 36 37 38 40 46 47 49 50 51
Subgraph ID: 12_269	55 56 57 58 59 60 62 63 72 73 74 75
Subgraph ID: 12_269	55 56 57 58 59 60 61 62 72 73 74 75
Subgraph ID: 12_234	0 34 35 36 37 38 40 41 46 49 50 51
Subgraph ID: 12_162	0 34 35 36 37 38 39 40 46 49 50 51
Subgraph ID: 11_94	0 34 35 36 37 40 41 46 49 50 51
Subgraph ID: 11_94	0 34 35 36 37 38 40 46 49 50 51
Subgraph ID: 11_211	5 6 7 10 11 18 19 21 22 23 24
Subgraph ID: 11_211	5 6 7 10 11 12 18 21 22 23 24
Subgraph ID: 11_211	5 6 7 10 11 12 18 19 21 23 24
Subgraph ID: 11_210	4 5 6 7 10 11 18 21 23 24 25
Subgraph ID: 11_21	35 36 37 38 39 40 41 42 43 44 45
Subgraph ID: 11_203	5 6 7 8 10 11 18 21 22 23 24
Subgraph ID: 11_203	5 6 7 8 10 11 18 19 21 23 24
Subgraph ID: 11_203	5 6 7 8 10 11 12 18 21 23 24
Subgraph ID: 11_167	5 6 7 10 11 18 19 20 21 23 24
Subgraph ID: 11_151	54 55 56 57 58 59 60 62 72 75 76
Subgraph ID: 11_150	0 34 35 36 37 40 46 47 49 50 51
Subgraph ID: 11_139	55 56 57 58 59 60 61 62 63 72 75
Subgraph ID: 11_131	55 56 57 58 59 60 62 63 72 73 75
Subgraph ID: 11_131	55 56 57 58 59 60 61 62 72 73 75
Subgraph ID: 11_125	55 56 57 58 59 60 62 72 73 74 75
Subgraph ID: 10_90	5 6 7 10 11 18 21 22 23 24
Subgraph ID: 10_90	5 6 7 10 11 18 19 21 23 24
Subgraph ID: 10_90	5 6 7 10 11 12 18 21 23 24
Subgraph ID: 10_84	2 3 4 27 28 29 30 31 32 33
Subgraph ID: 10_70	62 63 64 65 66 67 68 69 70 71
Subgraph ID: 10_66	55 56 57 58 59 60 62 72 73 75
Subgraph ID: 10_57	55 56 57 58 59 60 62 63 72 75
Subgraph ID: 10_57	55 56 57 58 59 60 61 62 72 75
Subgraph ID: 10_53	0 34 35 36 37 40 46 49 50 51
Subgraph ID: 10_13	35 36 37 38 40 41 42 43 44 45
Subgraph ID: 10_11	35 36 37 38 39 40 41 42 43 45
Subgraph ID: 9_7	35 36 37 40 41 42 43 44 45
Subgraph ID: 9_7	35 36 37 38 40 41 42 43 45
Subgraph ID: 9_44	2 3 4 27 28 29 30 31 32
Subgraph ID: 9_34	62 63 64 65 66 67 68 69 71
Subgraph ID: 9_32	2 3 4 27 29 30 31 32 33
Subgraph ID: 9_32	2 3 4 27 28 29 31 32 33
Subgraph ID: 9_29	55 56 57 58 59 60 62 72 75
Subgraph ID: 9_27	0 34 35 46 47 48 49 50 51
Subgraph ID: 9_24	63 64 65 66 67 68 69 70 71
Subgraph ID: 8_4	35 36 37 40 41 42 43 45
Subgraph ID: 8_21	2 3 4 27 29 30 31 32
Subgraph ID: 8_21	2 3 4 27 28 29 31 32
Subgraph ID: 8_21	2 3 4 27 28 29 30 31
Subgraph ID: 8_17	0 34 35 46 47 49 50 51
Subgraph ID: 8_16	56 57 58 59 60 61 62 63
Subgraph ID: 8_14	2 3 4 27 29 31 32 33
Subgraph ID: 8_13	63 64 65 66 67 68 69 71
Subgraph ID: 7_9	0 34 35 46 49 50 51
Subgraph ID: 7_7	11 12 13 14 15 16 17
Subgraph ID: 7_6	56 57 58 59 60 62 63
Subgraph ID: 7_6	56 57 58 59 60 61 62
Subgraph ID: 7_3	35 36 37 38 39 40 41
Subgraph ID: 7_10	2 3 4 27 29 31 32
Subgraph ID: 7_10	2 3 4 27 29 30 31
Subgraph ID: 7_10	2 3 4 27 28 29 31
Subgraph ID: 6_6	2 3 4 27 29 31
Subgraph ID: 6_5	12 13 14 15 16 17
Subgraph ID: 6_5	11 12 13 14 16 17
Subgraph ID: 6_3	40 41 42 43 44 45
Subgraph ID: 6_3	35 36 37 38 40 41
Subgraph ID: 6_2	35 36 37 38 39 40
Subgraph ID: 5_3	12 13 14 16 17
Subgraph ID: 5_2	41 42 43 44 45
Subgraph ID: 5_2	40 41 42 43 45
Subgraph ID: 5_2	35 36 37 40 41
Subgraph ID: 5_2	35 36 37 38 40
Subgraph ID: 4_2	41 42 43 45
Subgraph ID: 4_2	35 36 37 40
Subgraph ID: 4_1	77 78 79 80
Subgraph ID: 3_1	78 79 80
Subgraph ID: 3_1	77 78 79
Subgraph ID: 3_1	72 73 74
Subgraph ID: 3_1	7 8 9
Subgraph ID: 3_1	46 47 48
Subgraph ID: 3_1	37 38 39
Subgraph ID: 3_1	31 32 33
Subgraph ID: 3_1	18 19 20
Subgraph ID: 2_1	8 9
Subgraph ID: 2_1	79 80
Subgraph ID: 2_1	78 79
Subgraph ID: 2_1	77 78
Subgraph ID: 2_1	73 74
Subgraph ID: 2_1	72 73
Subgraph ID: 2_1	7 8
Subgraph ID: 2_1	69 70
Subgraph ID: 2_1	62 63
Subgraph ID: 2_1	60 61
Subgraph ID: 2_1	52 53
Subgraph ID: 2_1	47 48
Subgraph ID: 2_1	46 47
Subgraph ID: 2_1	43 44
Subgraph ID: 2_1	40 41
Subgraph ID: 2_1	38 39
Subgraph ID: 2_1	37 38
Subgraph ID: 2_1	32 33
Subgraph ID: 2_1	31 32
Subgraph ID: 2_1	29 30
Subgraph ID: 2_1	27 28
Subgraph ID: 2_1	25 26
Subgraph ID: 2_1	21 22
Subgraph ID: 2_1	19 20
Subgraph ID: 2_1	18 19
Subgraph ID: 2_1	14 15
Subgraph ID: 2_1	11 12
