Subgraph ID: 13_939	2 3 4 5 6 7 8 9 10 18 21 23 24
Subgraph ID: 13_939	2 3 4 5 6 7 8 18 19 20 21 23 24
Subgraph ID: 13_869	63 64 65 66 67 68 69 70 71 82 83 86 87
Subgraph ID: 13_664	32 33 34 35 37 40 41 42 43 44 45 46 47
Subgraph ID: 13_664	32 33 34 35 37 38 40 41 42 43 44 45 47
Subgraph ID: 13_664	32 33 34 35 36 37 40 41 42 43 44 45 47
Subgraph ID: 13_557	65 66 67 68 69 71 72 73 74 75 76 77 81
Subgraph ID: 13_551	32 33 34 35 37 40 41 42 43 44 45 47 48
Subgraph ID: 13_479	64 65 66 67 68 69 70 71 82 83 84 85 86
Subgraph ID: 13_395	32 33 34 35 37 40 45 46 47 48 49 50 53
Subgraph ID: 13_395	32 33 34 35 37 40 41 45 47 48 49 50 53
Subgraph ID: 13_395	32 33 34 35 37 38 40 45 47 48 49 50 53
Subgraph ID: 13_395	32 33 34 35 36 37 40 45 47 48 49 50 53
Subgraph ID: 13_246	32 33 34 35 37 40 45 47 48 49 50 51 53
Subgraph ID: 13_1254	32 33 34 35 36 37 38 39 40 41 45 46 47
Subgraph ID: 13_1236	32 33 34 35 36 37 38 40 41 45 46 47 48
Subgraph ID: 13_1200	2 3 4 5 7 8 9 18 19 21 22 23 24
Subgraph ID: 13_1196	0 2 3 4 7 8 18 21 23 24 25 27 28
Subgraph ID: 13_1181	2 3 4 7 8 9 18 19 20 21 22 23 24
Subgraph ID: 13_1181	2 3 4 7 8 9 10 18 19 21 22 23 24
Subgraph ID: 13_1175	32 33 34 35 37 38 39 40 41 45 46 47 48
Subgraph ID: 13_1175	32 33 34 35 36 37 38 39 40 45 46 47 48
Subgraph ID: 13_1175	32 33 34 35 36 37 38 39 40 41 45 47 48
Subgraph ID: 13_1167	2 3 4 7 8 9 10 18 19 20 21 23 24
Subgraph ID: 13_1101	2 3 4 5 7 8 9 18 19 20 21 23 24
Subgraph ID: 13_1101	2 3 4 5 7 8 9 10 18 21 22 23 24
Subgraph ID: 13_1101	2 3 4 5 7 8 9 10 18 19 21 23 24
Subgraph ID: 13_1101	2 3 4 5 7 8 18 19 20 21 22 23 24
Subgraph ID: 13_1082	2 3 4 5 6 7 8 9 18 21 22 23 24
Subgraph ID: 13_1082	2 3 4 5 6 7 8 9 18 19 21 23 24
Subgraph ID: 13_1082	2 3 4 5 6 7 8 18 19 21 22 23 24
Subgraph ID: 13_1033	63 64 65 66 67 68 69 71 82 83 84 86 87
Subgraph ID: 12_541	32 33 34 35 36 37 38 40 41 45 46 47
Subgraph ID: 12_516	2 3 4 7 8 9 18 19 21 22 23 24
Subgraph ID: 12_509	32 33 34 35 37 38 39 40 41 45 46 47
Subgraph ID: 12_509	32 33 34 35 36 37 38 39 40 45 46 47
Subgraph ID: 12_509	32 33 34 35 36 37 38 39 40 41 45 47
Subgraph ID: 12_503	32 33 34 35 37 38 40 41 45 46 47 48
Subgraph ID: 12_503	32 33 34 35 36 37 40 41 45 46 47 48
Subgraph ID: 12_503	32 33 34 35 36 37 38 40 45 46 47 48
Subgraph ID: 12_503	32 33 34 35 36 37 38 40 41 45 47 48
Subgraph ID: 12_495	2 3 4 5 7 8 9 18 21 22 23 24
Subgraph ID: 12_495	2 3 4 5 7 8 9 18 19 21 23 24
Subgraph ID: 12_495	2 3 4 5 7 8 18 19 21 22 23 24
Subgraph ID: 12_460	2 3 4 7 8 9 18 19 20 21 23 24
Subgraph ID: 12_460	2 3 4 7 8 9 10 18 21 22 23 24
Subgraph ID: 12_460	2 3 4 7 8 9 10 18 19 21 23 24
Subgraph ID: 12_460	2 3 4 7 8 18 19 20 21 22 23 24
Subgraph ID: 12_452	32 33 34 35 37 38 39 40 45 46 47 48
Subgraph ID: 12_452	32 33 34 35 37 38 39 40 41 45 47 48
Subgraph ID: 12_452	32 33 34 35 36 37 38 39 40 45 47 48
Subgraph ID: 12_434	2 3 4 5 6 7 8 9 18 21 23 24
Subgraph ID: 12_434	2 3 4 5 6 7 8 18 21 22 23 24
Subgraph ID: 12_434	2 3 4 5 6 7 8 18 19 21 23 24
Subgraph ID: 12_417	63 64 65 66 67 68 69 71 82 83 86 87
Subgraph ID: 12_414	2 3 4 5 7 8 9 10 18 21 23 24
Subgraph ID: 12_414	2 3 4 5 7 8 18 19 20 21 23 24
Subgraph ID: 12_319	63 64 65 66 67 68 69 70 71 82 86 87
Subgraph ID: 12_269	64 65 66 67 68 69 70 71 82 83 84 86
Subgraph ID: 12_226	32 33 34 35 37 40 41 42 43 44 45 47
Subgraph ID: 12_212	64 65 66 67 68 69 71 82 83 84 85 86
Subgraph ID: 12_140	32 33 34 35 37 40 45 47 48 49 50 53
Subgraph ID: 11_53	71 72 73 74 75 76 77 78 79 80 81
Subgraph ID: 11_226	32 33 34 35 37 38 40 41 45 46 47
Subgraph ID: 11_226	32 33 34 35 36 37 40 41 45 46 47
Subgraph ID: 11_226	32 33 34 35 36 37 38 40 45 46 47
Subgraph ID: 11_226	32 33 34 35 36 37 38 40 41 45 47
Subgraph ID: 11_211	2 3 4 7 8 9 18 21 22 23 24
Subgraph ID: 11_211	2 3 4 7 8 9 18 19 21 23 24
Subgraph ID: 11_211	2 3 4 7 8 18 19 21 22 23 24
Subgraph ID: 11_203	2 3 4 5 7 8 9 18 21 23 24
Subgraph ID: 11_203	2 3 4 5 7 8 18 21 22 23 24
Subgraph ID: 11_203	2 3 4 5 7 8 18 19 21 23 24
Subgraph ID: 11_202	32 33 34 35 37 40 41 45 46 47 48
Subgraph ID: 11_202	32 33 34 35 37 38 40 45 46 47 48
Subgraph ID: 11_202	32 33 34 35 37 38 40 41 45 47 48
Subgraph ID: 11_202	32 33 34 35 36 37 40 45 46 47 48
Subgraph ID: 11_202	32 33 34 35 36 37 40 41 45 47 48
Subgraph ID: 11_202	32 33 34 35 36 37 38 40 45 47 48
Subgraph ID: 11_200	32 33 34 35 37 38 39 40 45 46 47
Subgraph ID: 11_200	32 33 34 35 37 38 39 40 41 45 47
Subgraph ID: 11_200	32 33 34 35 36 37 38 39 40 45 47
Subgraph ID: 11_167	2 3 4 7 8 9 10 18 21 23 24
Subgraph ID: 11_167	2 3 4 7 8 18 19 20 21 23 24
Subgraph ID: 11_165	32 33 34 35 37 38 39 40 45 47 48
Subgraph ID: 11_151	63 64 65 66 67 68 69 71 82 86 87
Subgraph ID: 11_131	64 65 66 67 68 69 70 71 82 83 86
Subgraph ID: 11_125	64 65 66 67 68 69 71 82 83 84 86
Subgraph ID: 10_98	32 33 34 35 37 40 41 45 46 47
Subgraph ID: 10_98	32 33 34 35 37 38 40 45 46 47
Subgraph ID: 10_98	32 33 34 35 37 38 40 41 45 47
Subgraph ID: 10_98	32 33 34 35 36 37 40 45 46 47
Subgraph ID: 10_98	32 33 34 35 36 37 40 41 45 47
Subgraph ID: 10_98	32 33 34 35 36 37 38 40 45 47
Subgraph ID: 10_90	2 3 4 7 8 9 18 21 23 24
Subgraph ID: 10_90	2 3 4 7 8 18 21 22 23 24
Subgraph ID: 10_90	2 3 4 7 8 18 19 21 23 24
Subgraph ID: 10_84	8 9 10 11 12 13 14 15 16 17
Subgraph ID: 10_83	32 33 34 35 37 40 45 46 47 48
Subgraph ID: 10_83	32 33 34 35 37 40 41 45 47 48
Subgraph ID: 10_83	32 33 34 35 37 38 40 45 47 48
Subgraph ID: 10_83	32 33 34 35 36 37 40 45 47 48
Subgraph ID: 10_78	32 33 34 35 37 38 39 40 45 47
Subgraph ID: 10_66	64 65 66 67 68 69 71 82 83 86
Subgraph ID: 10_57	64 65 66 67 68 69 70 71 82 86
Subgraph ID: 10_37	71 72 73 74 75 76 77 78 79 81
Subgraph ID: 9_44	9 10 11 12 13 14 15 16 17
Subgraph ID: 9_40	32 33 34 35 37 40 45 46 47
Subgraph ID: 9_40	32 33 34 35 37 40 41 45 47
Subgraph ID: 9_40	32 33 34 35 37 38 40 45 47
Subgraph ID: 9_40	32 33 34 35 36 37 40 45 47
Subgraph ID: 9_37	32 33 34 35 37 40 45 47 48
Subgraph ID: 9_32	8 9 10 11 12 13 15 16 17
Subgraph ID: 9_32	8 9 10 11 12 13 14 15 16
Subgraph ID: 9_29	64 65 66 67 68 69 71 82 86
Subgraph ID: 9_24	71 72 73 74 75 76 77 78 81
Subgraph ID: 8_21	9 10 11 12 13 15 16 17
Subgraph ID: 8_21	9 10 11 12 13 14 15 16
Subgraph ID: 8_21	10 11 12 13 14 15 16 17
Subgraph ID: 8_19	32 33 34 35 37 40 45 47
Subgraph ID: 8_14	8 9 10 11 12 13 15 16
Subgraph ID: 8_13	71 72 73 74 75 76 77 81
Subgraph ID: 7_6	65 66 67 68 69 70 71
Subgraph ID: 7_3	47 48 49 50 51 52 53
Subgraph ID: 7_10	9 10 11 12 13 15 16
Subgraph ID: 7_10	10 11 12 13 15 16 17
Subgraph ID: 7_10	10 11 12 13 14 15 16
Subgraph ID: 6_6	10 11 12 13 15 16
Subgraph ID: 6_3	47 48 49 50 51 53
Subgraph ID: 6_2	48 49 50 51 52 53
Subgraph ID: 5_2	56 57 58 59 60
Subgraph ID: 5_2	48 49 50 51 53
Subgraph ID: 5_2	47 48 49 50 53
Subgraph ID: 5_2	40 41 42 43 44
Subgraph ID: 5_1	88 89 90 91 92
Subgraph ID: 4_2	56 57 58 60
Subgraph ID: 4_2	48 49 50 53
Subgraph ID: 4_2	41 42 43 44
Subgraph ID: 4_1	89 90 91 92
Subgraph ID: 4_1	88 89 90 91
Subgraph ID: 4_1	82 83 84 85
Subgraph ID: 4_1	77 78 79 80
Subgraph ID: 3_1	90 91 92
Subgraph ID: 3_1	89 90 91
Subgraph ID: 3_1	88 89 90
Subgraph ID: 3_1	83 84 85
Subgraph ID: 3_1	82 83 84
Subgraph ID: 3_1	8 9 10
Subgraph ID: 3_1	78 79 80
Subgraph ID: 3_1	77 78 79
Subgraph ID: 3_1	50 51 52
Subgraph ID: 3_1	4 5 6
Subgraph ID: 3_1	37 38 39
Subgraph ID: 3_1	28 29 30
Subgraph ID: 3_1	18 19 20
Subgraph ID: 2_1	91 92
Subgraph ID: 2_1	90 91
Subgraph ID: 2_1	9 10
Subgraph ID: 2_1	89 90
Subgraph ID: 2_1	88 89
Subgraph ID: 2_1	84 85
Subgraph ID: 2_1	83 84
Subgraph ID: 2_1	82 83
Subgraph ID: 2_1	8 9
Subgraph ID: 2_1	79 80
Subgraph ID: 2_1	78 79
Subgraph ID: 2_1	77 78
Subgraph ID: 2_1	69 70
Subgraph ID: 2_1	61 62
Subgraph ID: 2_1	58 59
Subgraph ID: 2_1	54 55
Subgraph ID: 2_1	51 52
Subgraph ID: 2_1	50 51
Subgraph ID: 2_1	5 6
Subgraph ID: 2_1	47 48
Subgraph ID: 2_1	45 46
Subgraph ID: 2_1	40 41
Subgraph ID: 2_1	4 5
Subgraph ID: 2_1	38 39
Subgraph ID: 2_1	37 38
Subgraph ID: 2_1	35 36
Subgraph ID: 2_1	29 30
Subgraph ID: 2_1	28 29
Subgraph ID: 2_1	25 26
Subgraph ID: 2_1	21 22
Subgraph ID: 2_1	19 20
Subgraph ID: 2_1	18 19
Subgraph ID: 2_1	16 17
Subgraph ID: 2_1	13 14
