Subgraph ID: 13_982	103 104 105 106 107 108 109 110 111 113 114 115 117
Subgraph ID: 13_920	104 105 106 107 109 110 111 112 113 114 115 116 117
Subgraph ID: 13_874	0 79 80 81 82 83 84 85 86 88 89 101 102
Subgraph ID: 13_864	80 81 82 84 85 86 87 88 89 90 91 92 93
Subgraph ID: 13_810	80 81 82 83 84 85 86 88 89 90 91 92 93
Subgraph ID: 13_766	25 26 27 31 32 33 34 35 36 38 39 40 41
Subgraph ID: 13_762	104 105 106 107 108 109 110 111 113 114 115 116 117
Subgraph ID: 13_762	103 104 105 106 107 109 110 111 113 114 115 116 117
Subgraph ID: 13_743	80 81 82 84 85 86 88 89 90 91 92 93 94
Subgraph ID: 13_729	25 26 27 28 31 32 33 34 35 38 39 40 41
Subgraph ID: 13_614	79 80 81 82 84 85 88 89 90 91 92 93 101
Subgraph ID: 13_609	0 79 80 81 82 84 85 86 87 88 89 101 102
Subgraph ID: 13_592	80 81 82 83 84 85 88 89 90 91 92 93 94
Subgraph ID: 13_505	25 26 27 28 31 32 33 34 35 36 38 39 41
Subgraph ID: 13_447	25 26 27 28 29 31 32 33 34 38 39 40 41
Subgraph ID: 13_447	25 26 27 28 29 31 32 33 34 35 38 39 41
Subgraph ID: 13_354	25 26 27 31 32 33 34 35 36 37 38 39 41
Subgraph ID: 13_269	25 26 27 28 29 30 31 32 33 34 38 39 41
Subgraph ID: 13_245	25 26 27 28 29 31 32 33 34 35 36 38 41
Subgraph ID: 13_204	25 26 27 28 29 30 31 32 33 38 39 40 41
Subgraph ID: 13_204	25 26 27 28 29 30 31 32 33 34 35 38 41
Subgraph ID: 13_194	25 26 27 28 31 32 33 34 35 36 37 38 41
Subgraph ID: 13_1292	121 122 123 128 129 130 131 132 133 134 135 136 137
Subgraph ID: 13_1146	103 104 105 106 107 108 109 110 111 112 113 114 117
Subgraph ID: 13_1086	104 105 106 107 108 109 110 111 112 113 114 115 117
Subgraph ID: 13_1086	103 104 105 106 107 109 110 111 112 113 114 115 117
Subgraph ID: 12_89	25 26 27 28 29 30 31 32 33 38 39 41
Subgraph ID: 12_89	25 26 27 28 29 30 31 32 33 34 38 41
Subgraph ID: 12_85	25 26 27 31 32 33 34 35 36 37 38 41
Subgraph ID: 12_544	121 122 123 128 129 130 131 132 133 135 136 137
Subgraph ID: 12_544	121 122 123 128 129 130 131 132 133 134 135 136
Subgraph ID: 12_469	104 105 106 107 108 109 110 111 112 113 114 117
Subgraph ID: 12_469	103 104 105 106 107 109 110 111 112 113 114 117
Subgraph ID: 12_462	104 105 106 107 109 110 111 112 113 114 115 117
Subgraph ID: 12_444	103 104 105 106 107 108 109 110 111 113 114 117
Subgraph ID: 12_397	104 105 106 107 108 109 110 111 113 114 115 117
Subgraph ID: 12_397	103 104 105 106 107 109 110 111 113 114 115 117
Subgraph ID: 12_375	25 26 27 31 32 33 34 35 38 39 40 41
Subgraph ID: 12_374	0 79 80 81 82 83 84 85 88 89 101 102
Subgraph ID: 12_358	79 80 81 82 83 84 85 86 87 88 89 101
Subgraph ID: 12_342	80 81 82 84 85 86 88 89 90 91 92 93
Subgraph ID: 12_317	104 105 106 107 109 110 111 113 114 115 116 117
Subgraph ID: 12_285	0 79 80 81 82 84 85 86 88 89 101 102
Subgraph ID: 12_265	80 81 82 83 84 85 88 89 90 91 92 93
Subgraph ID: 12_260	80 81 82 84 85 88 89 90 91 92 93 94
Subgraph ID: 12_255	25 26 27 28 31 32 33 34 38 39 40 41
Subgraph ID: 12_255	25 26 27 28 31 32 33 34 35 38 39 41
Subgraph ID: 12_240	25 26 27 31 32 33 34 35 36 38 39 41
Subgraph ID: 12_181	25 26 27 28 29 31 32 33 34 38 39 41
Subgraph ID: 12_135	25 26 27 28 29 31 32 33 38 39 40 41
Subgraph ID: 12_135	25 26 27 28 29 31 32 33 34 35 38 41
Subgraph ID: 12_132	25 26 27 28 31 32 33 34 35 36 38 41
Subgraph ID: 12_116	89 90 91 92 93 94 95 96 97 98 99 100
Subgraph ID: 11_76	25 26 27 28 31 32 33 38 39 40 41
Subgraph ID: 11_76	25 26 27 28 31 32 33 34 35 38 41
Subgraph ID: 11_64	25 26 27 31 32 33 34 35 36 38 41
Subgraph ID: 11_62	25 26 27 28 29 31 32 33 38 39 41
Subgraph ID: 11_62	25 26 27 28 29 31 32 33 34 38 41
Subgraph ID: 11_56	89 90 91 92 93 94 95 96 97 98 100
Subgraph ID: 11_34	25 26 27 28 29 30 31 32 33 38 41
Subgraph ID: 11_33	31 32 33 34 35 36 37 38 39 40 41
Subgraph ID: 11_229	121 122 123 128 129 130 131 132 133 135 136
Subgraph ID: 11_209	104 105 106 107 109 110 111 112 113 114 117
Subgraph ID: 11_182	104 105 106 107 108 109 110 111 113 114 117
Subgraph ID: 11_182	103 104 105 106 107 109 110 111 113 114 117
Subgraph ID: 11_174	79 80 81 82 83 84 85 86 88 89 101
Subgraph ID: 11_169	104 105 106 107 109 110 111 113 114 115 117
Subgraph ID: 11_134	25 26 27 31 32 33 34 38 39 40 41
Subgraph ID: 11_134	25 26 27 31 32 33 34 35 38 39 41
Subgraph ID: 11_125	79 80 81 82 84 85 86 87 88 89 101
Subgraph ID: 11_123	0 79 80 81 82 84 85 88 89 101 102
Subgraph ID: 11_117	80 81 82 84 85 88 89 90 91 92 93
Subgraph ID: 11_107	25 26 27 28 31 32 33 34 38 39 41
Subgraph ID: 10_85	104 105 106 107 109 110 111 113 114 117
Subgraph ID: 10_82	79 80 81 82 83 84 85 88 89 101
Subgraph ID: 10_66	79 80 81 82 84 85 86 88 89 101
Subgraph ID: 10_58	25 26 27 31 32 33 34 38 39 41
Subgraph ID: 10_55	80 81 82 83 84 85 86 87 88 89
Subgraph ID: 10_48	105 109 110 111 112 113 114 115 116 117
Subgraph ID: 10_41	25 26 27 31 32 33 38 39 40 41
Subgraph ID: 10_41	25 26 27 31 32 33 34 35 38 41
Subgraph ID: 10_38	25 26 27 28 31 32 33 38 39 41
Subgraph ID: 10_38	25 26 27 28 31 32 33 34 38 41
Subgraph ID: 10_30	31 32 33 34 35 36 38 39 40 41
Subgraph ID: 10_25	25 26 27 28 29 31 32 33 38 41
Subgraph ID: 10_24	89 90 91 92 93 94 95 96 97 100
Subgraph ID: 10_15	31 32 33 34 35 36 37 38 39 41
Subgraph ID: 9_5	31 32 33 34 35 36 37 38 41
Subgraph ID: 9_31	80 81 82 83 84 85 86 88 89
Subgraph ID: 9_31	105 109 110 111 112 113 114 115 117
Subgraph ID: 9_29	79 80 81 82 84 85 88 89 101
Subgraph ID: 9_27	80 81 82 84 85 86 87 88 89
Subgraph ID: 9_25	119 120 121 138 139 140 141 142 143
Subgraph ID: 9_22	25 26 27 31 32 33 38 39 41
Subgraph ID: 9_22	25 26 27 31 32 33 34 38 41
Subgraph ID: 9_21	105 109 110 111 113 114 115 116 117
Subgraph ID: 9_20	31 32 33 34 35 38 39 40 41
Subgraph ID: 9_17	25 26 27 28 31 32 33 38 41
Subgraph ID: 9_13	31 32 33 34 35 36 38 39 41
Subgraph ID: 9_13	144 145 146 147 148 149 150 151 152
Subgraph ID: 8_9	25 26 27 31 32 33 38 41
Subgraph ID: 8_6	31 32 33 34 35 36 38 41
Subgraph ID: 8_6	144 145 146 147 148 149 150 151
Subgraph ID: 8_17	80 81 82 84 85 86 88 89
Subgraph ID: 8_17	105 109 110 111 112 113 114 117
Subgraph ID: 8_16	52 53 54 55 56 57 58 59
Subgraph ID: 8_15	80 81 82 83 84 85 88 89
Subgraph ID: 8_15	105 109 110 111 113 114 115 117
Subgraph ID: 8_12	93 94 95 96 97 98 99 100
Subgraph ID: 8_12	31 32 33 34 38 39 40 41
Subgraph ID: 8_12	31 32 33 34 35 38 39 41
Subgraph ID: 8_12	144 145 146 147 148 149 151 152
Subgraph ID: 7_9	80 81 82 84 85 88 89
Subgraph ID: 7_9	105 109 110 111 113 114 117
Subgraph ID: 7_7	93 94 95 96 97 98 100
Subgraph ID: 7_7	31 32 33 34 38 39 41
Subgraph ID: 7_7	144 145 146 147 148 151 152
Subgraph ID: 7_6	52 53 54 55 57 58 59
Subgraph ID: 7_6	52 53 54 55 56 57 59
Subgraph ID: 7_5	94 95 96 97 98 99 100
Subgraph ID: 7_5	31 32 33 38 39 40 41
Subgraph ID: 7_5	31 32 33 34 35 38 41
Subgraph ID: 7_5	144 145 146 147 148 149 151
Subgraph ID: 7_2	25 26 27 28 29 30 31
Subgraph ID: 6_6	119 120 121 138 139 143
Subgraph ID: 6_5	94 95 96 97 98 100
Subgraph ID: 6_5	93 94 95 96 97 100
Subgraph ID: 6_5	89 90 91 92 93 94
Subgraph ID: 6_5	31 32 33 38 39 41
Subgraph ID: 6_5	31 32 33 34 38 41
Subgraph ID: 6_5	144 145 146 147 151 152
Subgraph ID: 6_5	144 145 146 147 148 151
Subgraph ID: 6_4	52 53 54 55 57 59
Subgraph ID: 6_2	62 63 64 65 66 67
Subgraph ID: 6_2	25 26 27 28 29 31
Subgraph ID: 5_3	94 95 96 97 100
Subgraph ID: 5_3	89 90 91 92 93
Subgraph ID: 5_3	31 32 33 38 41
Subgraph ID: 5_3	144 145 146 147 151
Subgraph ID: 5_2	62 63 64 65 67
Subgraph ID: 5_2	25 26 27 28 31
Subgraph ID: 5_2	123 124 125 126 127
Subgraph ID: 5_1	33 34 35 36 37
Subgraph ID: 5_1	159 160 161 162 163
Subgraph ID: 4_2	62 63 64 67
Subgraph ID: 4_2	25 26 27 31
Subgraph ID: 4_2	139 140 141 142
Subgraph ID: 4_2	123 124 125 126
Subgraph ID: 4_1	70 71 72 73
Subgraph ID: 4_1	34 35 36 37
Subgraph ID: 4_1	33 34 35 36
Subgraph ID: 4_1	27 28 29 30
Subgraph ID: 4_1	18 19 20 21
Subgraph ID: 4_1	160 161 162 163
Subgraph ID: 4_1	159 160 161 162
Subgraph ID: 4_1	147 148 149 150
Subgraph ID: 3_1	97 98 99
Subgraph ID: 3_1	85 86 87
Subgraph ID: 3_1	75 76 77
Subgraph ID: 3_1	71 72 73
Subgraph ID: 3_1	70 71 72
Subgraph ID: 3_1	64 65 66
Subgraph ID: 3_1	48 49 50
Subgraph ID: 3_1	38 39 40
Subgraph ID: 3_1	35 36 37
Subgraph ID: 3_1	34 35 36
Subgraph ID: 3_1	33 34 35
Subgraph ID: 3_1	28 29 30
Subgraph ID: 3_1	27 28 29
Subgraph ID: 3_1	19 20 21
Subgraph ID: 3_1	18 19 20
Subgraph ID: 3_1	161 162 163
Subgraph ID: 3_1	160 161 162
Subgraph ID: 3_1	159 160 161
Subgraph ID: 3_1	156 157 158
Subgraph ID: 3_1	15 16 17
Subgraph ID: 3_1	148 149 150
Subgraph ID: 3_1	147 148 149
Subgraph ID: 3_1	114 115 116
Subgraph ID: 2_1	98 99
Subgraph ID: 2_1	97 98
Subgraph ID: 2_1	93 94
Subgraph ID: 2_1	86 87
Subgraph ID: 2_1	85 86
Subgraph ID: 2_1	82 83
Subgraph ID: 2_1	76 77
Subgraph ID: 2_1	75 76
Subgraph ID: 2_1	72 73
Subgraph ID: 2_1	71 72
Subgraph ID: 2_1	70 71
Subgraph ID: 2_1	65 66
Subgraph ID: 2_1	64 65
Subgraph ID: 2_1	57 58
Subgraph ID: 2_1	55 56
Subgraph ID: 2_1	49 50
Subgraph ID: 2_1	48 49
Subgraph ID: 2_1	45 46
Subgraph ID: 2_1	39 40
Subgraph ID: 2_1	38 39
Subgraph ID: 2_1	36 37
Subgraph ID: 2_1	35 36
Subgraph ID: 2_1	34 35
Subgraph ID: 2_1	33 34
Subgraph ID: 2_1	29 30
Subgraph ID: 2_1	28 29
Subgraph ID: 2_1	27 28
Subgraph ID: 2_1	20 21
Subgraph ID: 2_1	19 20
Subgraph ID: 2_1	18 19
Subgraph ID: 2_1	162 163
Subgraph ID: 2_1	161 162
Subgraph ID: 2_1	160 161
Subgraph ID: 2_1	16 17
Subgraph ID: 2_1	159 160
Subgraph ID: 2_1	157 158
Subgraph ID: 2_1	156 157
Subgraph ID: 2_1	154 155
Subgraph ID: 2_1	151 152
Subgraph ID: 2_1	15 16
Subgraph ID: 2_1	149 150
Subgraph ID: 2_1	148 149
Subgraph ID: 2_1	147 148
Subgraph ID: 2_1	136 137
Subgraph ID: 2_1	133 134
Subgraph ID: 2_1	126 127
Subgraph ID: 2_1	12 13
Subgraph ID: 2_1	115 116
Subgraph ID: 2_1	114 115
Subgraph ID: 2_1	111 112
Subgraph ID: 2_1	107 108
Subgraph ID: 2_1	103 104
