Subgraph ID: 13_999	66 67 68 69 71 72 73 74 75 76 77 78 88
Subgraph ID: 13_991	66 67 68 69 70 71 72 73 75 76 77 78 88
Subgraph ID: 13_991	66 67 68 69 70 71 72 73 74 75 76 77 88
Subgraph ID: 13_918	90 91 92 93 96 97 98 100 101 102 103 106 107
Subgraph ID: 13_918	90 91 92 93 94 95 96 97 98 100 101 106 107
Subgraph ID: 13_874	1 66 67 68 69 70 71 72 75 76 77 88 89
Subgraph ID: 13_874	1 66 67 68 69 70 71 72 73 75 76 88 89
Subgraph ID: 13_850	67 68 69 70 71 72 73 74 75 76 77 78 79
Subgraph ID: 13_746	1 66 67 68 69 71 72 73 75 76 77 88 89
Subgraph ID: 13_711	66 67 68 69 71 72 73 75 76 77 78 79 88
Subgraph ID: 13_622	66 67 68 69 70 71 72 75 76 77 78 79 88
Subgraph ID: 13_609	1 66 67 68 69 71 72 75 76 77 78 88 89
Subgraph ID: 13_609	1 66 67 68 69 71 72 73 74 75 76 88 89
Subgraph ID: 13_461	67 68 69 71 72 73 74 75 76 77 78 79 80
Subgraph ID: 13_423	67 68 69 70 71 72 73 75 76 77 78 79 80
Subgraph ID: 13_360	91 96 97 98 99 100 101 102 103 104 105 106 107
Subgraph ID: 13_306	66 67 68 69 71 72 75 76 77 78 79 80 88
Subgraph ID: 13_1144	90 91 92 93 96 97 98 99 100 101 102 106 107
Subgraph ID: 13_1144	90 91 92 93 94 96 97 98 99 100 101 106 107
Subgraph ID: 13_1008	90 91 92 93 94 96 97 98 100 101 102 106 107
Subgraph ID: 12_68	76 77 78 79 80 81 82 83 84 85 86 87
Subgraph ID: 12_544	111 112 113 118 119 120 121 122 123 124 125 126
Subgraph ID: 12_499	90 91 92 93 96 97 98 99 100 101 106 107
Subgraph ID: 12_445	67 68 69 70 71 72 73 74 75 76 77 78
Subgraph ID: 12_441	66 67 68 69 70 71 72 73 75 76 77 88
Subgraph ID: 12_437	90 91 92 93 96 97 98 100 101 102 106 107
Subgraph ID: 12_437	90 91 92 93 94 96 97 98 100 101 106 107
Subgraph ID: 12_379	66 67 68 69 71 72 73 75 76 77 78 88
Subgraph ID: 12_379	66 67 68 69 71 72 73 74 75 76 77 88
Subgraph ID: 12_374	1 66 67 68 69 70 71 72 75 76 88 89
Subgraph ID: 12_358	66 67 68 69 70 71 72 75 76 77 78 88
Subgraph ID: 12_358	66 67 68 69 70 71 72 73 74 75 76 88
Subgraph ID: 12_316	67 68 69 71 72 73 74 75 76 77 78 79
Subgraph ID: 12_286	67 68 69 70 71 72 73 75 76 77 78 79
Subgraph ID: 12_285	1 66 67 68 69 71 72 75 76 77 88 89
Subgraph ID: 12_285	1 66 67 68 69 71 72 73 75 76 88 89
Subgraph ID: 12_262	109 110 111 127 128 129 130 131 132 133 134 135
Subgraph ID: 12_254	91 96 97 98 99 100 101 102 103 104 106 107
Subgraph ID: 12_213	66 67 68 69 71 72 75 76 77 78 79 88
Subgraph ID: 12_152	67 68 69 71 72 73 75 76 77 78 79 80
Subgraph ID: 12_134	91 96 97 98 100 101 102 103 104 105 106 107
Subgraph ID: 12_114	67 68 69 70 71 72 75 76 77 78 79 80
Subgraph ID: 11_82	67 68 69 70 71 72 75 76 77 78 79
Subgraph ID: 11_45	77 78 79 80 81 82 83 84 85 86 87
Subgraph ID: 11_42	67 68 69 71 72 75 76 77 78 79 80
Subgraph ID: 11_33	76 77 78 79 80 81 82 83 84 85 87
Subgraph ID: 11_229	111 112 113 118 119 120 121 122 123 125 126
Subgraph ID: 11_192	90 91 92 93 96 97 98 100 101 106 107
Subgraph ID: 11_179	67 68 69 71 72 73 74 75 76 77 78
Subgraph ID: 11_174	66 67 68 69 70 71 72 75 76 77 88
Subgraph ID: 11_174	66 67 68 69 70 71 72 73 75 76 88
Subgraph ID: 11_164	66 67 68 69 71 72 73 75 76 77 88
Subgraph ID: 11_163	67 68 69 70 71 72 73 75 76 77 78
Subgraph ID: 11_163	67 68 69 70 71 72 73 74 75 76 77
Subgraph ID: 11_153	91 96 97 98 99 100 101 102 103 106 107
Subgraph ID: 11_135	109 110 111 127 128 129 130 131 132 134 135
Subgraph ID: 11_125	66 67 68 69 71 72 75 76 77 78 88
Subgraph ID: 11_125	66 67 68 69 71 72 73 74 75 76 88
Subgraph ID: 11_123	1 66 67 68 69 71 72 75 76 88 89
Subgraph ID: 11_115	109 110 111 127 128 130 131 132 133 134 135
Subgraph ID: 11_114	67 68 69 71 72 73 75 76 77 78 79
Subgraph ID: 11_101	91 96 97 98 100 101 102 103 104 106 107
Subgraph ID: 10_82	66 67 68 69 70 71 72 75 76 88
Subgraph ID: 10_81	91 96 97 98 99 100 101 102 106 107
Subgraph ID: 10_79	67 68 69 70 71 72 73 75 76 77
Subgraph ID: 10_77	67 68 69 71 72 73 75 76 77 78
Subgraph ID: 10_77	67 68 69 71 72 73 74 75 76 77
Subgraph ID: 10_68	91 96 97 98 100 101 102 103 106 107
Subgraph ID: 10_66	66 67 68 69 71 72 75 76 77 88
Subgraph ID: 10_66	66 67 68 69 71 72 73 75 76 88
Subgraph ID: 10_61	109 110 111 127 128 130 131 132 134 135
Subgraph ID: 10_55	67 68 69 70 71 72 75 76 77 78
Subgraph ID: 10_55	67 68 69 70 71 72 73 74 75 76
Subgraph ID: 10_46	109 110 111 127 130 131 132 133 134 135
Subgraph ID: 10_4	51 52 53 54 55 56 57 58 59 60
Subgraph ID: 10_35	67 68 69 71 72 75 76 77 78 79
Subgraph ID: 10_30	78 79 80 81 82 83 84 85 86 87
Subgraph ID: 10_30	77 78 79 80 81 82 83 84 85 87
Subgraph ID: 10_15	76 77 78 79 80 81 82 83 84 87
Subgraph ID: 9_5	76 77 78 79 80 81 82 83 87
Subgraph ID: 9_4	52 53 54 55 56 57 58 59 60
Subgraph ID: 9_39	67 68 69 71 72 73 75 76 77
Subgraph ID: 9_38	91 96 97 98 99 100 101 106 107
Subgraph ID: 9_38	91 96 97 98 100 101 102 106 107
Subgraph ID: 9_31	67 68 69 70 71 72 75 76 77
Subgraph ID: 9_31	67 68 69 70 71 72 73 75 76
Subgraph ID: 9_29	66 67 68 69 71 72 75 76 88
Subgraph ID: 9_27	67 68 69 71 72 75 76 77 78
Subgraph ID: 9_27	67 68 69 71 72 73 74 75 76
Subgraph ID: 9_25	109 110 111 127 130 131 132 134 135
Subgraph ID: 9_20	78 79 80 81 82 83 84 85 87
Subgraph ID: 9_2	51 52 53 54 55 56 57 58 60
Subgraph ID: 9_13	79 80 81 82 83 84 85 86 87
Subgraph ID: 9_13	77 78 79 80 81 82 83 84 87
Subgraph ID: 9_13	136 137 138 139 140 141 142 143 144
Subgraph ID: 8_6	80 81 82 83 84 85 86 87
Subgraph ID: 8_6	77 78 79 80 81 82 83 87
Subgraph ID: 8_6	136 137 138 139 140 141 142 143
Subgraph ID: 8_3	53 54 55 56 57 58 59 60
Subgraph ID: 8_2	52 53 54 55 56 57 58 60
Subgraph ID: 8_18	91 96 97 98 100 101 106 107
Subgraph ID: 8_17	67 68 69 71 72 75 76 77
Subgraph ID: 8_17	67 68 69 71 72 73 75 76
Subgraph ID: 8_15	67 68 69 70 71 72 75 76
Subgraph ID: 8_14	109 110 111 127 128 129 130 135
Subgraph ID: 8_12	79 80 81 82 83 84 85 87
Subgraph ID: 8_12	78 79 80 81 82 83 84 87
Subgraph ID: 8_12	136 137 138 139 140 141 143 144
Subgraph ID: 7_9	67 68 69 71 72 75 76
Subgraph ID: 7_7	79 80 81 82 83 84 87
Subgraph ID: 7_7	136 137 138 139 140 143 144
Subgraph ID: 7_6	35 36 37 38 39 40 41
Subgraph ID: 7_5	80 81 82 83 84 85 87
Subgraph ID: 7_5	78 79 80 81 82 83 87
Subgraph ID: 7_5	136 137 138 139 140 141 143
Subgraph ID: 7_3	54 55 56 57 58 59 60
Subgraph ID: 7_2	53 54 55 56 57 58 60
Subgraph ID: 7_10	109 110 111 127 128 130 135
Subgraph ID: 6_6	109 110 111 127 130 135
Subgraph ID: 6_5	80 81 82 83 84 87
Subgraph ID: 6_5	79 80 81 82 83 87
Subgraph ID: 6_5	136 137 138 139 143 144
Subgraph ID: 6_5	136 137 138 139 140 143
Subgraph ID: 6_4	35 36 37 38 40 41
Subgraph ID: 6_4	1 2 3 4 25 26
Subgraph ID: 6_3	55 56 57 58 59 60
Subgraph ID: 6_2	54 55 56 57 58 60
Subgraph ID: 6_1	51 52 53 54 55 56
Subgraph ID: 5_3	80 81 82 83 87
Subgraph ID: 5_3	136 137 138 139 143
Subgraph ID: 5_2	56 57 58 59 60
Subgraph ID: 5_2	55 56 57 58 60
Subgraph ID: 5_2	18 19 20 21 22
Subgraph ID: 5_2	130 131 132 133 134
Subgraph ID: 5_2	113 114 115 116 117
Subgraph ID: 5_1	76 77 78 79 80
Subgraph ID: 5_1	52 53 54 55 56
Subgraph ID: 5_1	51 52 53 54 55
Subgraph ID: 5_1	44 45 46 47 48
Subgraph ID: 5_1	101 102 103 104 105
Subgraph ID: 4_2	56 57 58 60
Subgraph ID: 4_2	19 20 21 22
Subgraph ID: 4_2	130 131 132 134
Subgraph ID: 4_2	113 114 115 117
Subgraph ID: 4_1	83 84 85 86
Subgraph ID: 4_1	77 78 79 80
Subgraph ID: 4_1	76 77 78 79
Subgraph ID: 4_1	53 54 55 56
Subgraph ID: 4_1	52 53 54 55
Subgraph ID: 4_1	51 52 53 54
Subgraph ID: 4_1	45 46 47 48
Subgraph ID: 4_1	44 45 46 47
Subgraph ID: 4_1	139 140 141 142
Subgraph ID: 4_1	102 103 104 105
Subgraph ID: 4_1	101 102 103 104
Subgraph ID: 3_1	93 94 95
Subgraph ID: 3_1	84 85 86
Subgraph ID: 3_1	83 84 85
Subgraph ID: 3_1	78 79 80
Subgraph ID: 3_1	77 78 79
Subgraph ID: 3_1	76 77 78
Subgraph ID: 3_1	72 73 74
Subgraph ID: 3_1	7 8 9
Subgraph ID: 3_1	62 63 64
Subgraph ID: 3_1	54 55 56
Subgraph ID: 3_1	53 54 55
Subgraph ID: 3_1	52 53 54
Subgraph ID: 3_1	51 52 53
Subgraph ID: 3_1	46 47 48
Subgraph ID: 3_1	45 46 47
Subgraph ID: 3_1	44 45 46
Subgraph ID: 3_1	148 149 150
Subgraph ID: 3_1	140 141 142
Subgraph ID: 3_1	139 140 141
Subgraph ID: 3_1	127 128 129
Subgraph ID: 3_1	103 104 105
Subgraph ID: 3_1	102 103 104
Subgraph ID: 3_1	101 102 103
Subgraph ID: 2_1	98 99
Subgraph ID: 2_1	94 95
Subgraph ID: 2_1	93 94
Subgraph ID: 2_1	85 86
Subgraph ID: 2_1	84 85
Subgraph ID: 2_1	83 84
Subgraph ID: 2_1	8 9
Subgraph ID: 2_1	79 80
Subgraph ID: 2_1	78 79
Subgraph ID: 2_1	77 78
Subgraph ID: 2_1	76 77
Subgraph ID: 2_1	73 74
Subgraph ID: 2_1	72 73
Subgraph ID: 2_1	7 8
Subgraph ID: 2_1	69 70
Subgraph ID: 2_1	63 64
Subgraph ID: 2_1	62 63
Subgraph ID: 2_1	58 59
Subgraph ID: 2_1	55 56
Subgraph ID: 2_1	54 55
Subgraph ID: 2_1	53 54
Subgraph ID: 2_1	52 53
Subgraph ID: 2_1	51 52
Subgraph ID: 2_1	47 48
Subgraph ID: 2_1	46 47
Subgraph ID: 2_1	45 46
Subgraph ID: 2_1	44 45
Subgraph ID: 2_1	38 39
Subgraph ID: 2_1	31 32
Subgraph ID: 2_1	27 28
Subgraph ID: 2_1	18 19
Subgraph ID: 2_1	15 16
Subgraph ID: 2_1	149 150
Subgraph ID: 2_1	148 149
Subgraph ID: 2_1	143 144
Subgraph ID: 2_1	141 142
Subgraph ID: 2_1	140 141
Subgraph ID: 2_1	139 140
Subgraph ID: 2_1	132 133
Subgraph ID: 2_1	128 129
Subgraph ID: 2_1	127 128
Subgraph ID: 2_1	123 124
Subgraph ID: 2_1	115 116
Subgraph ID: 2_1	104 105
Subgraph ID: 2_1	103 104
Subgraph ID: 2_1	102 103
Subgraph ID: 2_1	101 102
