Subgraph ID: 13_956	74 75 76 77 79 80 83 84 85 86 87 88 96
Subgraph ID: 13_918	98 99 100 101 104 105 106 108 109 110 111 113 114
Subgraph ID: 13_918	98 99 100 101 102 103 104 105 106 108 109 113 114
Subgraph ID: 13_825	16 17 18 19 21 22 23 24 25 27 28 29 30
Subgraph ID: 13_813	16 17 18 19 21 22 23 24 27 28 29 30 31
Subgraph ID: 13_813	16 17 18 19 20 21 22 23 24 27 28 29 30
Subgraph ID: 13_702	33 51 52 53 54 55 56 57 58 59 60 61 68
Subgraph ID: 13_619	16 17 18 21 22 23 24 25 27 28 29 30 31
Subgraph ID: 13_619	16 17 18 19 20 21 22 23 24 25 27 28 29
Subgraph ID: 13_561	16 17 18 19 20 21 22 23 27 28 29 30 31
Subgraph ID: 13_407	16 17 18 21 22 23 24 25 26 27 28 29 30
Subgraph ID: 13_407	16 17 18 19 21 22 23 24 25 26 27 28 29
Subgraph ID: 13_1256	33 51 52 53 54 58 59 60 61 62 63 68 69
Subgraph ID: 13_1252	33 51 52 53 54 55 58 59 60 61 62 68 69
Subgraph ID: 13_1252	119 120 121 122 134 135 136 137 138 139 140 141 142
Subgraph ID: 13_1180	75 76 77 79 80 81 82 83 84 85 86 87 88
Subgraph ID: 13_1177	33 51 52 53 54 55 58 59 60 61 62 63 68
Subgraph ID: 13_1170	75 76 77 79 80 81 83 84 85 86 87 88 89
Subgraph ID: 13_1144	98 99 100 101 104 105 106 107 108 109 110 113 114
Subgraph ID: 13_1144	98 99 100 101 102 104 105 106 107 108 109 113 114
Subgraph ID: 13_1127	120 121 122 123 124 129 134 135 136 137 138 140 141
Subgraph ID: 13_1124	75 76 77 78 79 80 81 83 84 85 86 87 88
Subgraph ID: 13_1055	33 51 52 53 54 55 56 58 59 60 61 68 69
Subgraph ID: 13_1055	33 51 52 53 54 55 56 58 59 60 61 62 68
Subgraph ID: 13_1029	75 76 77 78 79 80 83 84 85 86 87 88 89
Subgraph ID: 13_1007	98 99 100 101 102 104 105 106 108 109 110 113 114
Subgraph ID: 13_1003	33 51 52 53 54 58 59 60 61 62 63 64 68
Subgraph ID: 12_543	33 51 52 53 54 58 59 60 61 62 68 69
Subgraph ID: 12_543	119 120 121 122 134 135 136 137 138 140 141 142
Subgraph ID: 12_52	17 21 22 23 24 25 26 27 28 29 30 31
Subgraph ID: 12_514	33 51 52 53 54 55 58 59 60 61 68 69
Subgraph ID: 12_514	33 51 52 53 54 55 58 59 60 61 62 68
Subgraph ID: 12_514	120 121 122 134 135 136 137 138 139 140 141 142
Subgraph ID: 12_514	119 120 121 122 134 135 136 137 138 139 140 141
Subgraph ID: 12_512	33 51 52 53 54 58 59 60 61 62 63 68
Subgraph ID: 12_501	75 76 77 79 80 81 83 84 85 86 87 88
Subgraph ID: 12_499	98 99 100 101 104 105 106 107 108 109 113 114
Subgraph ID: 12_466	75 76 77 79 80 83 84 85 86 87 88 89
Subgraph ID: 12_440	116 117 118 119 120 143 144 145 146 147 148 149
Subgraph ID: 12_437	98 99 100 101 104 105 106 108 109 110 113 114
Subgraph ID: 12_437	98 99 100 101 102 104 105 106 108 109 113 114
Subgraph ID: 12_427	16 17 18 19 21 22 23 24 27 28 29 30
Subgraph ID: 12_422	75 76 77 78 79 80 83 84 85 86 87 88
Subgraph ID: 12_415	33 51 52 53 54 55 56 58 59 60 61 68
Subgraph ID: 12_414	76 79 80 81 82 83 84 85 86 87 88 89
Subgraph ID: 12_34	122 123 124 125 126 127 128 129 130 131 132 133
Subgraph ID: 12_306	16 17 18 21 22 23 24 27 28 29 30 31
Subgraph ID: 12_306	16 17 18 19 20 21 22 23 24 27 28 29
Subgraph ID: 12_281	16 17 18 21 22 23 24 25 27 28 29 30
Subgraph ID: 12_281	16 17 18 19 21 22 23 24 25 27 28 29
Subgraph ID: 12_273	16 17 18 19 21 22 23 27 28 29 30 31
Subgraph ID: 12_273	16 17 18 19 20 21 22 23 27 28 29 30
Subgraph ID: 12_254	99 104 105 106 107 108 109 110 111 112 113 114
Subgraph ID: 12_151	16 17 18 19 20 21 22 27 28 29 30 31
Subgraph ID: 12_139	16 17 18 21 22 23 24 25 26 27 28 29
Subgraph ID: 11_79	16 17 18 19 21 22 27 28 29 30 31
Subgraph ID: 11_79	16 17 18 19 20 21 22 27 28 29 30
Subgraph ID: 11_39	17 21 22 23 24 25 27 28 29 30 31
Subgraph ID: 11_26	122 123 124 125 126 127 129 130 131 132 133
Subgraph ID: 11_24	17 21 22 23 24 25 26 27 28 29 30
Subgraph ID: 11_228	33 51 52 53 54 58 59 60 61 68 69
Subgraph ID: 11_228	33 51 52 53 54 58 59 60 61 62 68
Subgraph ID: 11_228	120 121 122 134 135 136 137 138 140 141 142
Subgraph ID: 11_228	119 120 121 122 134 135 136 137 138 140 141
Subgraph ID: 11_213	33 51 52 53 54 55 58 59 60 61 68
Subgraph ID: 11_213	120 121 122 134 135 136 137 138 139 140 141
Subgraph ID: 11_203	76 79 80 81 83 84 85 86 87 88 89
Subgraph ID: 11_197	75 76 77 79 80 83 84 85 86 87 88
Subgraph ID: 11_192	98 99 100 101 104 105 106 108 109 113 114
Subgraph ID: 11_167	76 79 80 81 82 83 84 85 86 87 88
Subgraph ID: 11_161	117 118 119 120 143 144 145 146 147 148 149
Subgraph ID: 11_161	116 117 118 119 143 144 145 146 147 148 149
Subgraph ID: 11_161	116 117 118 119 120 143 145 146 147 148 149
Subgraph ID: 11_160	16 17 18 21 22 23 24 27 28 29 30
Subgraph ID: 11_160	16 17 18 19 21 22 23 24 27 28 29
Subgraph ID: 11_153	99 104 105 106 107 108 109 110 111 113 114
Subgraph ID: 11_149	16 17 18 19 21 22 23 27 28 29 30
Subgraph ID: 11_14	122 123 124 125 126 127 128 129 130 131 132
Subgraph ID: 11_116	16 17 18 21 22 23 27 28 29 30 31
Subgraph ID: 11_116	16 17 18 19 20 21 22 23 27 28 29
Subgraph ID: 11_106	16 17 18 21 22 23 24 25 27 28 29
Subgraph ID: 11_101	99 104 105 106 108 109 110 111 112 113 114
Subgraph ID: 10_95	76 79 80 83 84 85 86 87 88 89
Subgraph ID: 10_90	76 79 80 81 83 84 85 86 87 88
Subgraph ID: 10_81	99 104 105 106 107 108 109 110 113 114
Subgraph ID: 10_74	16 17 18 21 22 23 24 27 28 29
Subgraph ID: 10_70	16 17 18 21 22 23 27 28 29 30
Subgraph ID: 10_70	16 17 18 19 21 22 23 27 28 29
Subgraph ID: 10_68	99 104 105 106 108 109 110 111 113 114
Subgraph ID: 10_61	117 118 119 143 144 145 146 147 148 149
Subgraph ID: 10_61	117 118 119 120 143 145 146 147 148 149
Subgraph ID: 10_61	116 117 118 119 143 145 146 147 148 149
Subgraph ID: 10_47	16 17 18 19 21 22 27 28 29 30
Subgraph ID: 10_37	16 17 18 21 22 27 28 29 30 31
Subgraph ID: 10_37	16 17 18 19 20 21 22 27 28 29
Subgraph ID: 10_28	17 21 22 23 24 27 28 29 30 31
Subgraph ID: 10_22	17 21 22 23 24 25 27 28 29 30
Subgraph ID: 10_19	122 123 124 125 126 129 130 131 132 133
Subgraph ID: 10_14	122 123 124 125 126 127 129 130 131 132
Subgraph ID: 10_101	33 51 52 53 54 58 59 60 61 68
Subgraph ID: 10_101	120 121 122 134 135 136 137 138 140 141
Subgraph ID: 10_10	17 21 22 23 24 25 26 27 28 29
Subgraph ID: 9_8	17 21 22 23 24 25 27 28 29
Subgraph ID: 9_44	116 117 118 119 120 143 144 145 149
Subgraph ID: 9_41	76 79 80 83 84 85 86 87 88
Subgraph ID: 9_38	99 104 105 106 108 109 110 113 114
Subgraph ID: 9_38	99 104 105 106 107 108 109 113 114
Subgraph ID: 9_34	16 17 18 21 22 23 27 28 29
Subgraph ID: 9_25	117 118 119 143 145 146 147 148 149
Subgraph ID: 9_24	16 17 18 21 22 27 28 29 30
Subgraph ID: 9_24	16 17 18 19 21 22 27 28 29
Subgraph ID: 9_15	17 21 22 23 27 28 29 30 31
Subgraph ID: 9_15	17 21 22 23 24 27 28 29 30
Subgraph ID: 9_13	150 151 152 153 154 155 156 157 158
Subgraph ID: 9_12	122 123 124 125 129 130 131 132 133
Subgraph ID: 9_10	122 123 124 125 126 129 130 131 132
Subgraph ID: 8_8	17 21 22 27 28 29 30 31
Subgraph ID: 8_8	17 21 22 23 24 27 28 29
Subgraph ID: 8_7	122 123 124 129 130 131 132 133
Subgraph ID: 8_7	122 123 124 125 129 130 131 132
Subgraph ID: 8_6	150 151 152 153 154 155 156 157
Subgraph ID: 8_21	117 118 119 120 143 144 145 149
Subgraph ID: 8_21	116 117 118 119 143 144 145 149
Subgraph ID: 8_21	116 117 118 119 120 143 145 149
Subgraph ID: 8_2	122 123 124 125 126 127 128 129
Subgraph ID: 8_18	99 104 105 106 108 109 113 114
Subgraph ID: 8_13	16 17 18 21 22 27 28 29
Subgraph ID: 8_12	88 89 90 91 92 93 94 95
Subgraph ID: 8_12	150 151 152 153 154 155 157 158
Subgraph ID: 8_11	17 21 22 23 27 28 29 30
Subgraph ID: 7_7	88 89 90 91 92 93 95
Subgraph ID: 7_7	150 151 152 153 154 157 158
Subgraph ID: 7_6	44 45 46 47 48 49 50
Subgraph ID: 7_6	17 21 22 27 28 29 30
Subgraph ID: 7_6	17 21 22 23 27 28 29
Subgraph ID: 7_5	89 90 91 92 93 94 95
Subgraph ID: 7_5	150 151 152 153 154 155 157
Subgraph ID: 7_4	122 123 124 129 130 131 132
Subgraph ID: 7_2	61 62 63 64 65 66 67
Subgraph ID: 7_2	122 123 124 125 126 127 129
Subgraph ID: 7_10	117 118 119 143 144 145 149
Subgraph ID: 7_10	117 118 119 120 143 145 149
Subgraph ID: 7_10	116 117 118 119 143 145 149
Subgraph ID: 6_6	117 118 119 143 145 149
Subgraph ID: 6_5	89 90 91 92 93 95
Subgraph ID: 6_5	88 89 90 91 92 95
Subgraph ID: 6_5	150 151 152 153 157 158
Subgraph ID: 6_5	150 151 152 153 154 157
Subgraph ID: 6_4	44 45 46 47 48 50
Subgraph ID: 6_4	17 21 22 27 28 29
Subgraph ID: 6_2	62 63 64 65 66 67
Subgraph ID: 6_2	159 160 161 162 163 164
Subgraph ID: 6_2	122 123 124 125 126 129
Subgraph ID: 5_3	89 90 91 92 95
Subgraph ID: 5_3	150 151 152 153 157
Subgraph ID: 5_2	63 64 65 66 67
Subgraph ID: 5_2	159 160 161 162 163
Subgraph ID: 5_2	129 130 131 132 133
Subgraph ID: 5_2	122 123 124 125 129
Subgraph ID: 5_1	22 23 24 25 26
Subgraph ID: 5_1	165 166 167 168 169
Subgraph ID: 5_1	124 125 126 127 128
Subgraph ID: 4_2	64 65 66 67
Subgraph ID: 4_2	6 7 8 9
Subgraph ID: 4_2	159 160 161 162
Subgraph ID: 4_2	145 146 147 148
Subgraph ID: 4_2	129 130 131 132
Subgraph ID: 4_2	122 123 124 129
Subgraph ID: 4_1	61 62 63 64
Subgraph ID: 4_1	54 55 56 57
Subgraph ID: 4_1	40 41 42 43
Subgraph ID: 4_1	23 24 25 26
Subgraph ID: 4_1	22 23 24 25
Subgraph ID: 4_1	166 167 168 169
Subgraph ID: 4_1	165 166 167 168
Subgraph ID: 4_1	153 154 155 156
Subgraph ID: 4_1	125 126 127 128
Subgraph ID: 4_1	124 125 126 127
Subgraph ID: 4_1	109 110 111 112
Subgraph ID: 3_1	92 93 94
Subgraph ID: 3_1	80 81 82
Subgraph ID: 3_1	70 71 72
Subgraph ID: 3_1	62 63 64
Subgraph ID: 3_1	61 62 63
Subgraph ID: 3_1	55 56 57
Subgraph ID: 3_1	54 55 56
Subgraph ID: 3_1	41 42 43
Subgraph ID: 3_1	40 41 42
Subgraph ID: 3_1	37 38 39
Subgraph ID: 3_1	29 30 31
Subgraph ID: 3_1	24 25 26
Subgraph ID: 3_1	23 24 25
Subgraph ID: 3_1	22 23 24
Subgraph ID: 3_1	18 19 20
Subgraph ID: 3_1	167 168 169
Subgraph ID: 3_1	166 167 168
Subgraph ID: 3_1	165 166 167
Subgraph ID: 3_1	162 163 164
Subgraph ID: 3_1	154 155 156
Subgraph ID: 3_1	153 154 155
Subgraph ID: 3_1	126 127 128
Subgraph ID: 3_1	125 126 127
Subgraph ID: 3_1	124 125 126
Subgraph ID: 3_1	110 111 112
Subgraph ID: 3_1	109 110 111
Subgraph ID: 3_1	101 102 103
Subgraph ID: 2_1	93 94
Subgraph ID: 2_1	92 93
Subgraph ID: 2_1	88 89
Subgraph ID: 2_1	81 82
Subgraph ID: 2_1	80 81
Subgraph ID: 2_1	77 78
Subgraph ID: 2_1	71 72
Subgraph ID: 2_1	70 71
Subgraph ID: 2_1	68 69
Subgraph ID: 2_1	63 64
Subgraph ID: 2_1	62 63
Subgraph ID: 2_1	61 62
Subgraph ID: 2_1	56 57
Subgraph ID: 2_1	55 56
Subgraph ID: 2_1	54 55
Subgraph ID: 2_1	48 49
Subgraph ID: 2_1	42 43
Subgraph ID: 2_1	41 42
Subgraph ID: 2_1	40 41
Subgraph ID: 2_1	38 39
Subgraph ID: 2_1	37 38
Subgraph ID: 2_1	35 36
Subgraph ID: 2_1	30 31
Subgraph ID: 2_1	3 4
Subgraph ID: 2_1	29 30
Subgraph ID: 2_1	25 26
Subgraph ID: 2_1	24 25
Subgraph ID: 2_1	23 24
Subgraph ID: 2_1	22 23
Subgraph ID: 2_1	19 20
Subgraph ID: 2_1	18 19
Subgraph ID: 2_1	170 171
Subgraph ID: 2_1	168 169
Subgraph ID: 2_1	167 168
Subgraph ID: 2_1	166 167
Subgraph ID: 2_1	165 166
Subgraph ID: 2_1	163 164
Subgraph ID: 2_1	162 163
Subgraph ID: 2_1	157 158
Subgraph ID: 2_1	155 156
Subgraph ID: 2_1	154 155
Subgraph ID: 2_1	153 154
Subgraph ID: 2_1	143 144
Subgraph ID: 2_1	141 142
Subgraph ID: 2_1	138 139
Subgraph ID: 2_1	132 133
Subgraph ID: 2_1	127 128
Subgraph ID: 2_1	126 127
Subgraph ID: 2_1	125 126
Subgraph ID: 2_1	124 125
Subgraph ID: 2_1	119 120
Subgraph ID: 2_1	116 117
Subgraph ID: 2_1	111 112
Subgraph ID: 2_1	110 111
Subgraph ID: 2_1	109 110
Subgraph ID: 2_1	106 107
Subgraph ID: 2_1	102 103
Subgraph ID: 2_1	101 102
