Subgraph ID: 13_999	65 66 67 68 70 71 72 73 74 75 76 77 88
Subgraph ID: 13_991	65 66 67 68 69 70 71 72 74 75 76 77 88
Subgraph ID: 13_991	65 66 67 68 69 70 71 72 73 74 75 76 88
Subgraph ID: 13_969	111 112 113 114 115 116 119 120 121 122 124 126 127
Subgraph ID: 13_918	90 91 92 93 95 96 97 99 100 101 102 106 107
Subgraph ID: 13_874	1 65 66 67 68 69 70 71 74 75 76 88 89
Subgraph ID: 13_874	1 65 66 67 68 69 70 71 72 74 75 88 89
Subgraph ID: 13_850	66 67 68 69 70 71 72 73 74 75 76 77 78
Subgraph ID: 13_746	1 65 66 67 68 70 71 72 74 75 76 88 89
Subgraph ID: 13_711	65 66 67 68 70 71 72 74 75 76 77 78 88
Subgraph ID: 13_622	65 66 67 68 69 70 71 74 75 76 77 78 88
Subgraph ID: 13_609	1 65 66 67 68 70 71 74 75 76 77 88 89
Subgraph ID: 13_609	1 65 66 67 68 70 71 72 73 74 75 88 89
Subgraph ID: 13_461	66 67 68 70 71 72 73 74 75 76 77 78 79
Subgraph ID: 13_423	66 67 68 69 70 71 72 74 75 76 77 78 79
Subgraph ID: 13_360	91 95 96 97 98 99 100 101 102 103 104 106 107
Subgraph ID: 13_348	109 110 111 128 129 130 131 132 133 134 135 136 137
Subgraph ID: 13_306	65 66 67 68 70 71 74 75 76 77 78 79 88
Subgraph ID: 13_159	91 95 96 97 99 100 101 102 103 104 105 106 107
Subgraph ID: 13_1161	111 112 113 114 115 119 120 121 122 124 125 126 127
Subgraph ID: 13_1161	111 112 113 114 115 119 120 121 122 123 124 126 127
Subgraph ID: 13_1144	90 91 92 93 95 96 97 98 99 100 101 106 107
Subgraph ID: 13_1144	90 91 92 93 94 95 96 97 98 99 100 106 107
Subgraph ID: 13_104	75 76 77 78 79 80 81 82 83 84 85 86 87
Subgraph ID: 13_1008	90 91 92 93 94 95 96 97 99 100 101 106 107
Subgraph ID: 12_68	76 77 78 79 80 81 82 83 84 85 86 87
Subgraph ID: 12_68	75 76 77 78 79 80 81 82 83 84 85 87
Subgraph ID: 12_499	90 91 92 93 95 96 97 98 99 100 106 107
Subgraph ID: 12_467	111 112 113 114 115 119 120 121 122 124 126 127
Subgraph ID: 12_445	66 67 68 69 70 71 72 73 74 75 76 77
Subgraph ID: 12_441	65 66 67 68 69 70 71 72 74 75 76 88
Subgraph ID: 12_437	90 91 92 93 95 96 97 99 100 101 106 107
Subgraph ID: 12_437	90 91 92 93 94 95 96 97 99 100 106 107
Subgraph ID: 12_379	65 66 67 68 70 71 72 74 75 76 77 88
Subgraph ID: 12_379	65 66 67 68 70 71 72 73 74 75 76 88
Subgraph ID: 12_374	1 65 66 67 68 69 70 71 74 75 88 89
Subgraph ID: 12_358	65 66 67 68 69 70 71 74 75 76 77 88
Subgraph ID: 12_358	65 66 67 68 69 70 71 72 73 74 75 88
Subgraph ID: 12_316	66 67 68 70 71 72 73 74 75 76 77 78
Subgraph ID: 12_286	66 67 68 69 70 71 72 74 75 76 77 78
Subgraph ID: 12_285	1 65 66 67 68 70 71 74 75 76 88 89
Subgraph ID: 12_285	1 65 66 67 68 70 71 72 74 75 88 89
Subgraph ID: 12_254	91 95 96 97 98 99 100 101 102 103 106 107
Subgraph ID: 12_213	65 66 67 68 70 71 74 75 76 77 78 88
Subgraph ID: 12_192	109 110 111 128 129 130 131 132 133 134 136 137
Subgraph ID: 12_152	66 67 68 70 71 72 74 75 76 77 78 79
Subgraph ID: 12_141	109 110 111 128 129 131 132 133 134 135 136 137
Subgraph ID: 12_134	91 95 96 97 99 100 101 102 103 104 106 107
Subgraph ID: 12_114	66 67 68 69 70 71 74 75 76 77 78 79
Subgraph ID: 11_82	66 67 68 69 70 71 74 75 76 77 78
Subgraph ID: 11_78	109 110 111 128 129 131 132 133 134 136 137
Subgraph ID: 11_52	109 110 111 128 131 132 133 134 135 136 137
Subgraph ID: 11_45	76 77 78 79 80 81 82 83 84 85 87
Subgraph ID: 11_42	66 67 68 70 71 74 75 76 77 78 79
Subgraph ID: 11_33	77 78 79 80 81 82 83 84 85 86 87
Subgraph ID: 11_33	75 76 77 78 79 80 81 82 83 84 87
Subgraph ID: 11_230	111 112 113 120 121 122 123 124 125 126 127
Subgraph ID: 11_192	90 91 92 93 95 96 97 99 100 106 107
Subgraph ID: 11_179	66 67 68 70 71 72 73 74 75 76 77
Subgraph ID: 11_174	65 66 67 68 69 70 71 74 75 76 88
Subgraph ID: 11_174	65 66 67 68 69 70 71 72 74 75 88
Subgraph ID: 11_164	65 66 67 68 70 71 72 74 75 76 88
Subgraph ID: 11_163	66 67 68 69 70 71 72 74 75 76 77
Subgraph ID: 11_163	66 67 68 69 70 71 72 73 74 75 76
Subgraph ID: 11_153	91 95 96 97 98 99 100 101 102 106 107
Subgraph ID: 11_125	65 66 67 68 70 71 74 75 76 77 88
Subgraph ID: 11_125	65 66 67 68 70 71 72 73 74 75 88
Subgraph ID: 11_123	1 65 66 67 68 70 71 74 75 88 89
Subgraph ID: 11_114	66 67 68 70 71 72 74 75 76 77 78
Subgraph ID: 11_101	91 95 96 97 99 100 101 102 103 106 107
Subgraph ID: 10_82	65 66 67 68 69 70 71 74 75 88
Subgraph ID: 10_81	91 95 96 97 98 99 100 101 106 107
Subgraph ID: 10_79	66 67 68 69 70 71 72 74 75 76
Subgraph ID: 10_77	66 67 68 70 71 72 74 75 76 77
Subgraph ID: 10_77	66 67 68 70 71 72 73 74 75 76
Subgraph ID: 10_68	91 95 96 97 99 100 101 102 106 107
Subgraph ID: 10_66	65 66 67 68 70 71 74 75 76 88
Subgraph ID: 10_66	65 66 67 68 70 71 72 74 75 88
Subgraph ID: 10_55	66 67 68 69 70 71 74 75 76 77
Subgraph ID: 10_55	66 67 68 69 70 71 72 73 74 75
Subgraph ID: 10_4	50 51 52 53 54 55 56 57 58 59
Subgraph ID: 10_35	66 67 68 70 71 74 75 76 77 78
Subgraph ID: 10_31	109 110 111 128 131 132 133 134 136 137
Subgraph ID: 10_30	77 78 79 80 81 82 83 84 85 87
Subgraph ID: 10_30	76 77 78 79 80 81 82 83 84 87
Subgraph ID: 10_15	78 79 80 81 82 83 84 85 86 87
Subgraph ID: 10_15	75 76 77 78 79 80 81 82 83 87
Subgraph ID: 10_105	111 112 113 120 121 122 124 125 126 127
Subgraph ID: 10_105	111 112 113 120 121 122 123 124 126 127
Subgraph ID: 9_5	79 80 81 82 83 84 85 86 87
Subgraph ID: 9_5	75 76 77 78 79 80 81 82 87
Subgraph ID: 9_47	111 112 113 120 121 122 124 126 127
Subgraph ID: 9_4	51 52 53 54 55 56 57 58 59
Subgraph ID: 9_39	66 67 68 70 71 72 74 75 76
Subgraph ID: 9_38	91 95 96 97 99 100 101 106 107
Subgraph ID: 9_38	91 95 96 97 98 99 100 106 107
Subgraph ID: 9_32	109 110 111 128 129 130 131 132 137
Subgraph ID: 9_31	66 67 68 69 70 71 74 75 76
Subgraph ID: 9_31	66 67 68 69 70 71 72 74 75
Subgraph ID: 9_29	65 66 67 68 70 71 74 75 88
Subgraph ID: 9_27	66 67 68 70 71 74 75 76 77
Subgraph ID: 9_27	66 67 68 70 71 72 73 74 75
Subgraph ID: 9_20	77 78 79 80 81 82 83 84 87
Subgraph ID: 9_2	50 51 52 53 54 55 56 57 59
Subgraph ID: 9_13	78 79 80 81 82 83 84 85 87
Subgraph ID: 9_13	76 77 78 79 80 81 82 83 87
Subgraph ID: 9_13	138 139 140 141 142 143 144 145 146
Subgraph ID: 8_6	79 80 81 82 83 84 85 87
Subgraph ID: 8_6	76 77 78 79 80 81 82 87
Subgraph ID: 8_6	138 139 140 141 142 143 144 145
Subgraph ID: 8_3	52 53 54 55 56 57 58 59
Subgraph ID: 8_21	109 110 111 128 129 131 132 137
Subgraph ID: 8_2	51 52 53 54 55 56 57 59
Subgraph ID: 8_18	91 95 96 97 99 100 106 107
Subgraph ID: 8_17	66 67 68 70 71 74 75 76
Subgraph ID: 8_17	66 67 68 70 71 72 74 75
Subgraph ID: 8_15	66 67 68 69 70 71 74 75
Subgraph ID: 8_14	109 110 111 128 129 130 131 137
Subgraph ID: 8_12	78 79 80 81 82 83 84 87
Subgraph ID: 8_12	77 78 79 80 81 82 83 87
Subgraph ID: 8_12	138 139 140 141 142 143 145 146
Subgraph ID: 7_9	66 67 68 70 71 74 75
Subgraph ID: 7_7	78 79 80 81 82 83 87
Subgraph ID: 7_7	138 139 140 141 142 145 146
Subgraph ID: 7_6	34 35 36 37 38 39 40
Subgraph ID: 7_5	79 80 81 82 83 84 87
Subgraph ID: 7_5	77 78 79 80 81 82 87
Subgraph ID: 7_5	138 139 140 141 142 143 145
Subgraph ID: 7_3	53 54 55 56 57 58 59
Subgraph ID: 7_2	52 53 54 55 56 57 59
Subgraph ID: 7_2	113 114 115 116 117 118 119
Subgraph ID: 7_10	109 110 111 128 131 132 137
Subgraph ID: 7_10	109 110 111 128 129 131 137
Subgraph ID: 6_6	109 110 111 128 131 137
Subgraph ID: 6_5	79 80 81 82 83 87
Subgraph ID: 6_5	78 79 80 81 82 87
Subgraph ID: 6_5	138 139 140 141 145 146
Subgraph ID: 6_5	138 139 140 141 142 145
Subgraph ID: 6_4	34 35 36 37 39 40
Subgraph ID: 6_3	54 55 56 57 58 59
Subgraph ID: 6_3	131 132 133 134 135 136
Subgraph ID: 6_2	53 54 55 56 57 59
Subgraph ID: 6_2	113 114 115 116 117 119
Subgraph ID: 6_1	50 51 52 53 54 55
Subgraph ID: 6_1	100 101 102 103 104 105
Subgraph ID: 5_3	79 80 81 82 87
Subgraph ID: 5_3	138 139 140 141 145
Subgraph ID: 5_2	55 56 57 58 59
Subgraph ID: 5_2	54 55 56 57 59
Subgraph ID: 5_2	17 18 19 20 21
Subgraph ID: 5_2	132 133 134 135 136
Subgraph ID: 5_2	131 132 133 134 136
Subgraph ID: 5_2	113 114 115 116 119
Subgraph ID: 5_1	82 83 84 85 86
Subgraph ID: 5_1	75 76 77 78 79
Subgraph ID: 5_1	51 52 53 54 55
Subgraph ID: 5_1	50 51 52 53 54
Subgraph ID: 5_1	43 44 45 46 47
Subgraph ID: 5_1	101 102 103 104 105
Subgraph ID: 5_1	100 101 102 103 104
Subgraph ID: 4_2	55 56 57 59
Subgraph ID: 4_2	18 19 20 21
Subgraph ID: 4_2	132 133 134 136
Subgraph ID: 4_2	113 114 115 119
Subgraph ID: 4_1	83 84 85 86
Subgraph ID: 4_1	82 83 84 85
Subgraph ID: 4_1	76 77 78 79
Subgraph ID: 4_1	75 76 77 78
Subgraph ID: 4_1	52 53 54 55
Subgraph ID: 4_1	51 52 53 54
Subgraph ID: 4_1	50 51 52 53
Subgraph ID: 4_1	44 45 46 47
Subgraph ID: 4_1	43 44 45 46
Subgraph ID: 4_1	141 142 143 144
Subgraph ID: 4_1	115 116 117 118
Subgraph ID: 4_1	102 103 104 105
Subgraph ID: 4_1	101 102 103 104
Subgraph ID: 4_1	100 101 102 103
Subgraph ID: 3_1	84 85 86
Subgraph ID: 3_1	83 84 85
Subgraph ID: 3_1	82 83 84
Subgraph ID: 3_1	77 78 79
Subgraph ID: 3_1	76 77 78
Subgraph ID: 3_1	75 76 77
Subgraph ID: 3_1	71 72 73
Subgraph ID: 3_1	61 62 63
Subgraph ID: 3_1	6 7 8
Subgraph ID: 3_1	53 54 55
Subgraph ID: 3_1	52 53 54
Subgraph ID: 3_1	51 52 53
Subgraph ID: 3_1	50 51 52
Subgraph ID: 3_1	45 46 47
Subgraph ID: 3_1	44 45 46
Subgraph ID: 3_1	43 44 45
Subgraph ID: 3_1	150 151 152
Subgraph ID: 3_1	142 143 144
Subgraph ID: 3_1	141 142 143
Subgraph ID: 3_1	128 129 130
Subgraph ID: 3_1	116 117 118
Subgraph ID: 3_1	115 116 117
Subgraph ID: 3_1	103 104 105
Subgraph ID: 3_1	102 103 104
Subgraph ID: 3_1	101 102 103
Subgraph ID: 3_1	100 101 102
Subgraph ID: 2_1	97 98
Subgraph ID: 2_1	93 94
Subgraph ID: 2_1	85 86
Subgraph ID: 2_1	84 85
Subgraph ID: 2_1	83 84
Subgraph ID: 2_1	82 83
Subgraph ID: 2_1	78 79
Subgraph ID: 2_1	77 78
Subgraph ID: 2_1	76 77
Subgraph ID: 2_1	75 76
Subgraph ID: 2_1	72 73
Subgraph ID: 2_1	71 72
Subgraph ID: 2_1	7 8
Subgraph ID: 2_1	68 69
Subgraph ID: 2_1	62 63
Subgraph ID: 2_1	61 62
Subgraph ID: 2_1	6 7
Subgraph ID: 2_1	57 58
Subgraph ID: 2_1	54 55
Subgraph ID: 2_1	53 54
Subgraph ID: 2_1	52 53
Subgraph ID: 2_1	51 52
Subgraph ID: 2_1	50 51
Subgraph ID: 2_1	46 47
Subgraph ID: 2_1	45 46
Subgraph ID: 2_1	44 45
Subgraph ID: 2_1	43 44
Subgraph ID: 2_1	37 38
Subgraph ID: 2_1	30 31
Subgraph ID: 2_1	26 27
Subgraph ID: 2_1	17 18
Subgraph ID: 2_1	151 152
Subgraph ID: 2_1	150 151
Subgraph ID: 2_1	145 146
Subgraph ID: 2_1	143 144
Subgraph ID: 2_1	142 143
Subgraph ID: 2_1	141 142
Subgraph ID: 2_1	14 15
Subgraph ID: 2_1	134 135
Subgraph ID: 2_1	131 132
Subgraph ID: 2_1	129 130
Subgraph ID: 2_1	128 129
Subgraph ID: 2_1	124 125
Subgraph ID: 2_1	122 123
Subgraph ID: 2_1	117 118
Subgraph ID: 2_1	116 117
Subgraph ID: 2_1	115 116
Subgraph ID: 2_1	104 105
Subgraph ID: 2_1	103 104
Subgraph ID: 2_1	102 103
Subgraph ID: 2_1	101 102
Subgraph ID: 2_1	100 101
