Subgraph ID: 13_982	2 3 4 5 6 7 17 18 20 21 22 23 24
Subgraph ID: 13_970	67 68 69 70 71 72 74 86 87 88 89 90 91
Subgraph ID: 13_943	31 32 33 35 39 40 41 42 46 47 48 49 50
Subgraph ID: 13_943	31 32 33 35 36 39 41 42 46 47 48 49 50
Subgraph ID: 13_943	31 32 33 34 35 39 41 42 46 47 48 49 50
Subgraph ID: 13_887	0 30 31 51 53 54 55 56 57 58 59 60 62
Subgraph ID: 13_880	0 2 3 4 5 6 7 17 20 22 23 25 27
Subgraph ID: 13_877	0 30 31 51 52 53 54 55 56 57 58 59 62
Subgraph ID: 13_869	67 68 69 70 71 72 74 75 86 87 88 90 91
Subgraph ID: 13_869	67 68 69 70 71 72 73 74 86 87 88 90 91
Subgraph ID: 13_830	2 3 4 5 6 7 17 18 19 20 22 23 24
Subgraph ID: 13_763	67 68 69 70 71 72 73 74 75 86 87 88 90
Subgraph ID: 13_730	0 30 31 51 52 53 54 55 57 58 59 60 62
Subgraph ID: 13_714	67 68 69 70 71 72 74 75 86 87 88 89 90
Subgraph ID: 13_714	67 68 69 70 71 72 73 74 86 87 88 89 90
Subgraph ID: 13_541	0 30 31 51 53 54 55 57 58 59 60 61 62
Subgraph ID: 13_1155	31 32 33 35 36 39 40 41 42 46 47 48 50
Subgraph ID: 13_1155	31 32 33 35 36 39 40 41 42 43 44 45 46
Subgraph ID: 13_1155	31 32 33 34 35 39 40 41 42 46 47 48 50
Subgraph ID: 13_1155	31 32 33 34 35 39 40 41 42 43 44 45 46
Subgraph ID: 13_1155	31 32 33 34 35 36 39 41 42 46 47 48 50
Subgraph ID: 13_1155	31 32 33 34 35 36 39 41 42 43 44 45 46
Subgraph ID: 13_1084	31 32 33 35 36 37 39 41 42 46 47 48 50
Subgraph ID: 13_1084	31 32 33 35 36 37 39 41 42 43 44 45 46
Subgraph ID: 13_1081	66 67 68 69 70 71 72 74 86 87 88 90 92
Subgraph ID: 13_1031	31 32 33 34 35 36 37 38 39 40 41 42 46
Subgraph ID: 13_1024	2 3 4 5 6 7 17 18 19 20 21 22 23
Subgraph ID: 12_520	31 32 33 34 35 36 37 39 40 41 42 46
Subgraph ID: 12_451	31 32 33 35 39 40 41 42 46 47 48 50
Subgraph ID: 12_451	31 32 33 35 39 40 41 42 43 44 45 46
Subgraph ID: 12_451	31 32 33 35 36 39 41 42 46 47 48 50
Subgraph ID: 12_451	31 32 33 35 36 39 41 42 43 44 45 46
Subgraph ID: 12_451	31 32 33 34 35 39 41 42 46 47 48 50
Subgraph ID: 12_451	31 32 33 34 35 39 41 42 43 44 45 46
Subgraph ID: 12_444	2 3 4 5 6 7 17 18 20 21 22 23
Subgraph ID: 12_417	67 68 69 70 71 72 74 86 87 88 90 91
Subgraph ID: 12_397	2 3 4 5 6 7 17 20 21 22 23 24
Subgraph ID: 12_397	2 3 4 5 6 7 17 18 20 22 23 24
Subgraph ID: 12_391	0 30 31 51 53 54 55 56 57 58 59 62
Subgraph ID: 12_385	31 32 33 35 36 37 38 39 40 41 42 46
Subgraph ID: 12_385	31 32 33 34 35 36 37 38 39 41 42 46
Subgraph ID: 12_371	2 3 4 5 6 7 17 18 19 20 22 23
Subgraph ID: 12_359	31 32 33 35 39 41 42 46 47 48 49 50
Subgraph ID: 12_348	0 30 31 51 52 53 54 55 57 58 59 62
Subgraph ID: 12_348	0 30 31 51 52 53 54 55 56 57 58 62
Subgraph ID: 12_337	67 68 69 70 71 72 74 86 87 88 89 90
Subgraph ID: 12_319	67 68 69 70 71 72 74 75 86 87 88 90
Subgraph ID: 12_319	67 68 69 70 71 72 73 74 86 87 88 90
Subgraph ID: 12_314	0 30 31 51 53 54 55 57 58 59 60 62
Subgraph ID: 12_174	74 75 76 77 78 79 80 81 82 83 84 85
Subgraph ID: 11_53	75 76 77 78 79 80 81 82 83 84 85
Subgraph ID: 11_231	31 32 33 34 35 36 39 40 41 42 46
Subgraph ID: 11_212	31 32 33 35 36 37 39 40 41 42 46
Subgraph ID: 11_212	31 32 33 34 35 36 37 39 41 42 46
Subgraph ID: 11_185	3 4 5 6 7 17 18 19 20 21 22
Subgraph ID: 11_182	2 3 4 5 6 7 17 20 21 22 23
Subgraph ID: 11_182	2 3 4 5 6 7 17 18 20 22 23
Subgraph ID: 11_181	31 32 33 35 39 41 42 46 47 48 50
Subgraph ID: 11_181	31 32 33 35 39 41 42 43 44 45 46
Subgraph ID: 11_169	2 3 4 5 6 7 17 20 22 23 24
Subgraph ID: 11_154	0 30 31 51 53 54 55 57 58 59 62
Subgraph ID: 11_154	0 30 31 51 53 54 55 56 57 58 62
Subgraph ID: 11_154	0 30 31 51 52 53 54 55 57 58 62
Subgraph ID: 11_151	67 68 69 70 71 72 74 86 87 88 90
Subgraph ID: 11_144	31 32 33 35 36 37 38 39 41 42 46
Subgraph ID: 11_116	74 75 76 77 78 79 80 81 82 83 85
Subgraph ID: 11_114	30 53 54 55 56 57 58 59 60 61 62
Subgraph ID: 10_91	3 4 5 6 7 17 18 20 21 22
Subgraph ID: 10_89	31 32 33 35 36 37 39 41 42 46
Subgraph ID: 10_85	2 3 4 5 6 7 17 20 22 23
Subgraph ID: 10_77	30 53 54 55 56 57 58 59 60 62
Subgraph ID: 10_72	0 30 31 51 53 54 55 57 58 62
Subgraph ID: 10_70	74 75 76 77 78 79 80 81 82 85
Subgraph ID: 10_68	3 4 5 6 7 17 18 19 20 22
Subgraph ID: 10_37	75 76 77 78 79 80 81 82 83 85
Subgraph ID: 10_35	30 53 54 55 57 58 59 60 61 62
Subgraph ID: 10_104	31 32 33 35 36 39 40 41 42 46
Subgraph ID: 10_104	31 32 33 34 35 39 40 41 42 46
Subgraph ID: 10_104	31 32 33 34 35 36 39 41 42 46
Subgraph ID: 10_103	7 8 9 10 11 12 13 14 15 16
Subgraph ID: 9_46	31 32 33 35 39 40 41 42 46
Subgraph ID: 9_46	31 32 33 35 36 39 41 42 46
Subgraph ID: 9_46	31 32 33 34 35 39 41 42 46
Subgraph ID: 9_45	7 8 9 10 12 13 14 15 16
Subgraph ID: 9_45	7 8 9 10 11 12 14 15 16
Subgraph ID: 9_45	7 8 9 10 11 12 13 14 16
Subgraph ID: 9_39	30 53 54 55 56 57 58 59 62
Subgraph ID: 9_38	3 4 5 6 7 17 20 21 22
Subgraph ID: 9_38	3 4 5 6 7 17 18 20 22
Subgraph ID: 9_34	74 75 76 77 78 79 80 81 85
Subgraph ID: 9_27	30 53 54 55 57 58 59 60 62
Subgraph ID: 9_24	75 76 77 78 79 80 81 82 85
Subgraph ID: 8_23	31 32 33 35 39 41 42 46
Subgraph ID: 8_22	7 8 9 10 12 14 15 16
Subgraph ID: 8_22	7 8 9 10 12 13 14 16
Subgraph ID: 8_22	7 8 9 10 11 12 14 16
Subgraph ID: 8_17	30 53 54 55 57 58 59 62
Subgraph ID: 8_17	30 53 54 55 56 57 58 62
Subgraph ID: 8_16	68 69 70 71 72 73 74 75
Subgraph ID: 8_13	75 76 77 78 79 80 81 85
Subgraph ID: 7_9	30 53 54 55 57 58 62
Subgraph ID: 7_6	68 69 70 71 72 74 75
Subgraph ID: 7_6	68 69 70 71 72 73 74
Subgraph ID: 7_11	7 8 9 10 12 14 16
Subgraph ID: 5_2	46 47 48 49 50
Subgraph ID: 5_1	93 94 95 96 97
Subgraph ID: 4_2	46 47 48 50
Subgraph ID: 4_2	42 43 44 45
Subgraph ID: 4_1	94 95 96 97
Subgraph ID: 4_1	93 94 95 96
Subgraph ID: 4_1	81 82 83 84
Subgraph ID: 4_1	58 59 60 61
Subgraph ID: 4_1	35 36 37 38
Subgraph ID: 3_1	95 96 97
Subgraph ID: 3_1	94 95 96
Subgraph ID: 3_1	93 94 95
Subgraph ID: 3_1	82 83 84
Subgraph ID: 3_1	81 82 83
Subgraph ID: 3_1	59 60 61
Subgraph ID: 3_1	58 59 60
Subgraph ID: 3_1	36 37 38
Subgraph ID: 3_1	35 36 37
Subgraph ID: 3_1	27 28 29
Subgraph ID: 3_1	17 18 19
Subgraph ID: 2_1	96 97
Subgraph ID: 2_1	95 96
Subgraph ID: 2_1	94 95
Subgraph ID: 2_1	93 94
Subgraph ID: 2_1	90 91
Subgraph ID: 2_1	88 89
Subgraph ID: 2_1	83 84
Subgraph ID: 2_1	82 83
Subgraph ID: 2_1	81 82
Subgraph ID: 2_1	74 75
Subgraph ID: 2_1	72 73
Subgraph ID: 2_1	65 66
Subgraph ID: 2_1	63 64
Subgraph ID: 2_1	60 61
Subgraph ID: 2_1	59 60
Subgraph ID: 2_1	58 59
Subgraph ID: 2_1	55 56
Subgraph ID: 2_1	51 52
Subgraph ID: 2_1	48 49
Subgraph ID: 2_1	39 40
Subgraph ID: 2_1	37 38
Subgraph ID: 2_1	36 37
Subgraph ID: 2_1	35 36
Subgraph ID: 2_1	33 34
Subgraph ID: 2_1	28 29
Subgraph ID: 2_1	27 28
Subgraph ID: 2_1	25 26
Subgraph ID: 2_1	23 24
Subgraph ID: 2_1	20 21
Subgraph ID: 2_1	18 19
Subgraph ID: 2_1	17 18
Subgraph ID: 2_1	14 15
Subgraph ID: 2_1	12 13
Subgraph ID: 2_1	10 11
