Subgraph ID: 13_999	63 64 65 66 68 69 70 71 72 73 74 75 76
Subgraph ID: 13_991	63 64 65 66 67 68 69 70 72 73 74 75 76
Subgraph ID: 13_991	63 64 65 66 67 68 69 70 71 72 73 74 76
Subgraph ID: 13_969	97 98 99 100 101 102 103 104 105 106 108 110 111
Subgraph ID: 13_920	78 79 80 81 83 84 85 86 87 88 89 90 93
Subgraph ID: 13_874	61 63 64 65 66 67 68 69 72 73 74 76 77
Subgraph ID: 13_874	61 63 64 65 66 67 68 69 70 72 73 76 77
Subgraph ID: 13_762	78 79 80 81 82 83 84 85 87 88 89 90 93
Subgraph ID: 13_746	61 63 64 65 66 68 69 70 72 73 74 76 77
Subgraph ID: 13_609	61 63 64 65 66 68 69 72 73 74 75 76 77
Subgraph ID: 13_609	61 63 64 65 66 68 69 70 71 72 73 76 77
Subgraph ID: 13_508	78 79 80 81 83 84 85 87 88 89 90 91 93
Subgraph ID: 13_1161	97 98 99 100 101 102 104 105 106 108 110 111 112
Subgraph ID: 13_1161	97 98 99 100 101 102 104 105 106 108 109 110 111
Subgraph ID: 13_1161	97 98 99 100 101 102 104 105 106 107 108 110 111
Subgraph ID: 13_1086	78 79 80 81 82 83 84 85 86 87 88 89 93
Subgraph ID: 12_87	79 83 84 85 86 87 88 89 90 91 92 93
Subgraph ID: 12_547	97 98 99 104 105 106 107 108 109 110 111 112
Subgraph ID: 12_469	78 79 80 81 82 83 84 85 86 87 88 93
Subgraph ID: 12_467	97 98 99 100 101 102 104 105 106 108 110 111
Subgraph ID: 12_462	78 79 80 81 83 84 85 86 87 88 89 93
Subgraph ID: 12_445	64 65 66 67 68 69 70 71 72 73 74 75
Subgraph ID: 12_441	63 64 65 66 67 68 69 70 72 73 74 76
Subgraph ID: 12_397	78 79 80 81 82 83 84 85 87 88 89 93
Subgraph ID: 12_379	63 64 65 66 68 69 70 72 73 74 75 76
Subgraph ID: 12_379	63 64 65 66 68 69 70 71 72 73 74 76
Subgraph ID: 12_374	61 63 64 65 66 67 68 69 72 73 76 77
Subgraph ID: 12_358	63 64 65 66 67 68 69 72 73 74 75 76
Subgraph ID: 12_358	63 64 65 66 67 68 69 70 71 72 73 76
Subgraph ID: 12_317	78 79 80 81 83 84 85 87 88 89 90 93
Subgraph ID: 12_285	61 63 64 65 66 68 69 72 73 74 76 77
Subgraph ID: 12_285	61 63 64 65 66 68 69 70 72 73 76 77
Subgraph ID: 12_262	95 96 97 113 114 115 116 117 118 119 120 121
Subgraph ID: 11_68	79 83 84 85 86 87 88 89 90 91 93
Subgraph ID: 11_29	79 83 84 85 87 88 89 90 91 92 93
Subgraph ID: 11_230	97 98 99 104 105 106 108 109 110 111 112
Subgraph ID: 11_230	97 98 99 104 105 106 107 108 110 111 112
Subgraph ID: 11_230	97 98 99 104 105 106 107 108 109 110 111
Subgraph ID: 11_209	78 79 80 81 83 84 85 86 87 88 93
Subgraph ID: 11_182	78 79 80 81 82 83 84 85 87 88 93
Subgraph ID: 11_179	64 65 66 68 69 70 71 72 73 74 75
Subgraph ID: 11_174	63 64 65 66 67 68 69 72 73 74 76
Subgraph ID: 11_174	63 64 65 66 67 68 69 70 72 73 76
Subgraph ID: 11_169	78 79 80 81 83 84 85 87 88 89 93
Subgraph ID: 11_164	63 64 65 66 68 69 70 72 73 74 76
Subgraph ID: 11_163	64 65 66 67 68 69 70 72 73 74 75
Subgraph ID: 11_163	64 65 66 67 68 69 70 71 72 73 74
Subgraph ID: 11_135	95 96 97 113 114 115 116 117 118 120 121
Subgraph ID: 11_125	63 64 65 66 68 69 72 73 74 75 76
Subgraph ID: 11_125	63 64 65 66 68 69 70 71 72 73 76
Subgraph ID: 11_123	61 63 64 65 66 68 69 72 73 76 77
Subgraph ID: 11_115	95 96 97 113 114 116 117 118 119 120 121
Subgraph ID: 10_85	78 79 80 81 83 84 85 87 88 93
Subgraph ID: 10_82	63 64 65 66 67 68 69 72 73 76
Subgraph ID: 10_79	64 65 66 67 68 69 70 72 73 74
Subgraph ID: 10_77	64 65 66 68 69 70 72 73 74 75
Subgraph ID: 10_77	64 65 66 68 69 70 71 72 73 74
Subgraph ID: 10_66	63 64 65 66 68 69 72 73 74 76
Subgraph ID: 10_66	63 64 65 66 68 69 70 72 73 76
Subgraph ID: 10_61	95 96 97 113 114 116 117 118 120 121
Subgraph ID: 10_55	64 65 66 67 68 69 72 73 74 75
Subgraph ID: 10_55	64 65 66 67 68 69 70 71 72 73
Subgraph ID: 10_48	79 83 84 85 86 87 88 89 90 93
Subgraph ID: 10_46	95 96 97 113 116 117 118 119 120 121
Subgraph ID: 10_26	79 83 84 85 87 88 89 90 91 93
Subgraph ID: 10_105	97 98 99 104 105 106 108 110 111 112
Subgraph ID: 10_105	97 98 99 104 105 106 108 109 110 111
Subgraph ID: 10_105	97 98 99 104 105 106 107 108 110 111
Subgraph ID: 9_47	97 98 99 104 105 106 108 110 111
Subgraph ID: 9_39	64 65 66 68 69 70 72 73 74
Subgraph ID: 9_31	79 83 84 85 86 87 88 89 93
Subgraph ID: 9_31	64 65 66 67 68 69 72 73 74
Subgraph ID: 9_31	64 65 66 67 68 69 70 72 73
Subgraph ID: 9_29	63 64 65 66 68 69 72 73 76
Subgraph ID: 9_27	64 65 66 68 69 72 73 74 75
Subgraph ID: 9_27	64 65 66 68 69 70 71 72 73
Subgraph ID: 9_25	95 96 97 113 116 117 118 120 121
Subgraph ID: 9_21	79 83 84 85 87 88 89 90 93
Subgraph ID: 9_13	122 123 124 125 126 127 128 129 130
Subgraph ID: 8_6	122 123 124 125 126 127 128 129
Subgraph ID: 8_17	79 83 84 85 86 87 88 93
Subgraph ID: 8_17	64 65 66 68 69 72 73 74
Subgraph ID: 8_17	64 65 66 68 69 70 72 73
Subgraph ID: 8_15	79 83 84 85 87 88 89 93
Subgraph ID: 8_15	64 65 66 67 68 69 72 73
Subgraph ID: 8_14	95 96 97 113 114 115 116 121
Subgraph ID: 8_12	122 123 124 125 126 127 129 130
Subgraph ID: 7_9	79 83 84 85 87 88 93
Subgraph ID: 7_9	64 65 66 68 69 72 73
Subgraph ID: 7_7	122 123 124 125 126 129 130
Subgraph ID: 7_6	37 38 39 40 41 42 43
Subgraph ID: 7_5	122 123 124 125 126 127 129
Subgraph ID: 7_10	95 96 97 113 114 116 121
Subgraph ID: 6_6	95 96 97 113 116 121
Subgraph ID: 6_5	122 123 124 125 129 130
Subgraph ID: 6_5	122 123 124 125 126 129
Subgraph ID: 6_4	37 38 39 40 42 43
Subgraph ID: 6_4	1 2 3 4 27 28
Subgraph ID: 6_2	19 20 21 22 23 24
Subgraph ID: 6_1	52 53 54 55 56 57
Subgraph ID: 5_3	122 123 124 125 129
Subgraph ID: 5_2	99 100 101 102 103
Subgraph ID: 5_2	20 21 22 23 24
Subgraph ID: 5_2	116 117 118 119 120
Subgraph ID: 5_1	88 89 90 91 92
Subgraph ID: 5_1	53 54 55 56 57
Subgraph ID: 5_1	52 53 54 55 56
Subgraph ID: 4_2	99 100 101 102
Subgraph ID: 4_2	21 22 23 24
Subgraph ID: 4_2	116 117 118 120
Subgraph ID: 4_1	89 90 91 92
Subgraph ID: 4_1	88 89 90 91
Subgraph ID: 4_1	54 55 56 57
Subgraph ID: 4_1	53 54 55 56
Subgraph ID: 4_1	52 53 54 55
Subgraph ID: 4_1	46 47 48 49
Subgraph ID: 4_1	125 126 127 128
Subgraph ID: 3_1	90 91 92
Subgraph ID: 3_1	89 90 91
Subgraph ID: 3_1	88 89 90
Subgraph ID: 3_1	73 74 75
Subgraph ID: 3_1	7 8 9
Subgraph ID: 3_1	69 70 71
Subgraph ID: 3_1	55 56 57
Subgraph ID: 3_1	54 55 56
Subgraph ID: 3_1	53 54 55
Subgraph ID: 3_1	52 53 54
Subgraph ID: 3_1	47 48 49
Subgraph ID: 3_1	46 47 48
Subgraph ID: 3_1	19 20 21
Subgraph ID: 3_1	133 134 135
Subgraph ID: 3_1	126 127 128
Subgraph ID: 3_1	125 126 127
Subgraph ID: 3_1	113 114 115
Subgraph ID: 2_1	91 92
Subgraph ID: 2_1	90 91
Subgraph ID: 2_1	89 90
Subgraph ID: 2_1	88 89
Subgraph ID: 2_1	85 86
Subgraph ID: 2_1	81 82
Subgraph ID: 2_1	8 9
Subgraph ID: 2_1	74 75
Subgraph ID: 2_1	73 74
Subgraph ID: 2_1	70 71
Subgraph ID: 2_1	7 8
Subgraph ID: 2_1	69 70
Subgraph ID: 2_1	66 67
Subgraph ID: 2_1	59 60
Subgraph ID: 2_1	56 57
Subgraph ID: 2_1	55 56
Subgraph ID: 2_1	54 55
Subgraph ID: 2_1	53 54
Subgraph ID: 2_1	52 53
Subgraph ID: 2_1	48 49
Subgraph ID: 2_1	47 48
Subgraph ID: 2_1	46 47
Subgraph ID: 2_1	40 41
Subgraph ID: 2_1	33 34
Subgraph ID: 2_1	29 30
Subgraph ID: 2_1	20 21
Subgraph ID: 2_1	19 20
Subgraph ID: 2_1	15 16
Subgraph ID: 2_1	134 135
Subgraph ID: 2_1	133 134
Subgraph ID: 2_1	129 130
Subgraph ID: 2_1	127 128
Subgraph ID: 2_1	126 127
Subgraph ID: 2_1	125 126
Subgraph ID: 2_1	118 119
Subgraph ID: 2_1	114 115
Subgraph ID: 2_1	113 114
Subgraph ID: 2_1	111 112
Subgraph ID: 2_1	108 109
Subgraph ID: 2_1	106 107
Subgraph ID: 2_1	102 103
