Subgraph ID: 13_999	64 65 66 67 69 70 71 72 73 74 75 76 80
Subgraph ID: 13_991	64 65 66 67 68 69 70 71 73 74 75 76 80
Subgraph ID: 13_991	64 65 66 67 68 69 70 71 72 73 74 75 80
Subgraph ID: 13_969	101 102 103 104 105 106 107 108 109 110 112 114 115
Subgraph ID: 13_920	82 83 84 85 87 88 89 90 91 92 93 94 97
Subgraph ID: 13_874	62 64 65 66 67 68 69 70 73 74 75 80 81
Subgraph ID: 13_874	62 64 65 66 67 68 69 70 71 73 74 80 81
Subgraph ID: 13_850	65 66 67 68 69 70 71 72 73 74 75 76 77
Subgraph ID: 13_762	82 83 84 85 86 87 88 89 91 92 93 94 97
Subgraph ID: 13_746	62 64 65 66 67 69 70 71 73 74 75 80 81
Subgraph ID: 13_711	64 65 66 67 69 70 71 73 74 75 76 77 80
Subgraph ID: 13_622	64 65 66 67 68 69 70 73 74 75 76 77 80
Subgraph ID: 13_608	62 64 65 66 67 69 70 73 74 75 76 80 81
Subgraph ID: 13_608	62 64 65 66 67 69 70 71 72 73 74 80 81
Subgraph ID: 13_508	82 83 84 85 87 88 89 91 92 93 94 95 97
Subgraph ID: 13_461	65 66 67 69 70 71 72 73 74 75 76 77 78
Subgraph ID: 13_423	65 66 67 68 69 70 71 73 74 75 76 77 78
Subgraph ID: 13_306	64 65 66 67 69 70 73 74 75 76 77 78 80
Subgraph ID: 13_190	65 66 67 69 70 71 73 74 75 76 77 78 79
Subgraph ID: 13_140	65 66 67 68 69 70 73 74 75 76 77 78 79
Subgraph ID: 13_1161	101 102 103 104 105 106 108 109 110 112 113 114 115
Subgraph ID: 13_1161	101 102 103 104 105 106 108 109 110 111 112 114 115
Subgraph ID: 13_1086	82 83 84 85 86 87 88 89 90 91 92 93 97
Subgraph ID: 12_87	83 87 88 89 90 91 92 93 94 95 96 97
Subgraph ID: 12_49	65 66 67 69 70 73 74 75 76 77 78 79
Subgraph ID: 12_469	82 83 84 85 86 87 88 89 90 91 92 97
Subgraph ID: 12_467	101 102 103 104 105 106 108 109 110 112 114 115
Subgraph ID: 12_462	82 83 84 85 87 88 89 90 91 92 93 97
Subgraph ID: 12_445	65 66 67 68 69 70 71 72 73 74 75 76
Subgraph ID: 12_441	64 65 66 67 68 69 70 71 73 74 75 80
Subgraph ID: 12_397	82 83 84 85 86 87 88 89 91 92 93 97
Subgraph ID: 12_379	64 65 66 67 69 70 71 73 74 75 76 80
Subgraph ID: 12_379	64 65 66 67 69 70 71 72 73 74 75 80
Subgraph ID: 12_374	62 64 65 66 67 68 69 70 73 74 80 81
Subgraph ID: 12_358	64 65 66 67 68 69 70 73 74 75 76 80
Subgraph ID: 12_358	64 65 66 67 68 69 70 71 72 73 74 80
Subgraph ID: 12_317	82 83 84 85 87 88 89 91 92 93 94 97
Subgraph ID: 12_316	65 66 67 69 70 71 72 73 74 75 76 77
Subgraph ID: 12_286	65 66 67 68 69 70 71 73 74 75 76 77
Subgraph ID: 12_285	62 64 65 66 67 69 70 73 74 75 80 81
Subgraph ID: 12_285	62 64 65 66 67 69 70 71 73 74 80 81
Subgraph ID: 12_262	99 100 101 116 117 118 119 120 121 122 123 124
Subgraph ID: 12_212	64 65 66 67 69 70 73 74 75 76 77 80
Subgraph ID: 12_152	65 66 67 69 70 71 73 74 75 76 77 78
Subgraph ID: 12_114	65 66 67 68 69 70 73 74 75 76 77 78
Subgraph ID: 11_82	65 66 67 68 69 70 73 74 75 76 77
Subgraph ID: 11_68	83 87 88 89 90 91 92 93 94 95 97
Subgraph ID: 11_42	65 66 67 69 70 73 74 75 76 77 78
Subgraph ID: 11_29	83 87 88 89 91 92 93 94 95 96 97
Subgraph ID: 11_230	101 102 103 108 109 110 111 112 113 114 115
Subgraph ID: 11_209	82 83 84 85 87 88 89 90 91 92 97
Subgraph ID: 11_182	82 83 84 85 86 87 88 89 91 92 97
Subgraph ID: 11_179	65 66 67 69 70 71 72 73 74 75 76
Subgraph ID: 11_174	64 65 66 67 68 69 70 73 74 75 80
Subgraph ID: 11_174	64 65 66 67 68 69 70 71 73 74 80
Subgraph ID: 11_169	82 83 84 85 87 88 89 91 92 93 97
Subgraph ID: 11_164	64 65 66 67 69 70 71 73 74 75 80
Subgraph ID: 11_163	65 66 67 68 69 70 71 73 74 75 76
Subgraph ID: 11_163	65 66 67 68 69 70 71 72 73 74 75
Subgraph ID: 11_135	99 100 101 116 117 118 119 120 121 123 124
Subgraph ID: 11_125	64 65 66 67 69 70 73 74 75 76 80
Subgraph ID: 11_125	64 65 66 67 69 70 71 72 73 74 80
Subgraph ID: 11_123	62 64 65 66 67 69 70 73 74 80 81
Subgraph ID: 11_115	99 100 101 116 117 119 120 121 122 123 124
Subgraph ID: 11_114	65 66 67 69 70 71 73 74 75 76 77
Subgraph ID: 10_85	82 83 84 85 87 88 89 91 92 97
Subgraph ID: 10_83	5 6 7 8 9 10 11 12 13 14
Subgraph ID: 10_82	64 65 66 67 68 69 70 73 74 80
Subgraph ID: 10_79	65 66 67 68 69 70 71 73 74 75
Subgraph ID: 10_77	65 66 67 69 70 71 73 74 75 76
Subgraph ID: 10_77	65 66 67 69 70 71 72 73 74 75
Subgraph ID: 10_66	64 65 66 67 69 70 73 74 75 80
Subgraph ID: 10_66	64 65 66 67 69 70 71 73 74 80
Subgraph ID: 10_61	99 100 101 116 117 119 120 121 123 124
Subgraph ID: 10_55	65 66 67 68 69 70 73 74 75 76
Subgraph ID: 10_55	65 66 67 68 69 70 71 72 73 74
Subgraph ID: 10_48	83 87 88 89 90 91 92 93 94 97
Subgraph ID: 10_46	99 100 101 116 119 120 121 122 123 124
Subgraph ID: 10_35	65 66 67 69 70 73 74 75 76 77
Subgraph ID: 10_26	83 87 88 89 91 92 93 94 95 97
Subgraph ID: 10_105	101 102 103 108 109 110 112 113 114 115
Subgraph ID: 10_105	101 102 103 108 109 110 111 112 114 115
Subgraph ID: 9_47	101 102 103 108 109 110 112 114 115
Subgraph ID: 9_40	5 6 7 8 9 11 12 13 14
Subgraph ID: 9_39	65 66 67 69 70 71 73 74 75
Subgraph ID: 9_37	5 6 7 8 9 10 11 12 13
Subgraph ID: 9_31	83 87 88 89 90 91 92 93 97
Subgraph ID: 9_31	65 66 67 68 69 70 73 74 75
Subgraph ID: 9_31	65 66 67 68 69 70 71 73 74
Subgraph ID: 9_29	64 65 66 67 69 70 73 74 80
Subgraph ID: 9_27	65 66 67 69 70 73 74 75 76
Subgraph ID: 9_27	65 66 67 69 70 71 72 73 74
Subgraph ID: 9_25	99 100 101 116 119 120 121 123 124
Subgraph ID: 9_21	83 87 88 89 91 92 93 94 97
Subgraph ID: 9_13	125 126 127 128 129 130 131 132 133
Subgraph ID: 8_6	125 126 127 128 129 130 131 132
Subgraph ID: 8_19	5 6 7 8 9 11 12 13
Subgraph ID: 8_17	83 87 88 89 90 91 92 97
Subgraph ID: 8_17	65 66 67 69 70 73 74 75
Subgraph ID: 8_17	65 66 67 69 70 71 73 74
Subgraph ID: 8_15	83 87 88 89 91 92 93 97
Subgraph ID: 8_15	65 66 67 68 69 70 73 74
Subgraph ID: 8_14	99 100 101 116 117 118 119 124
Subgraph ID: 8_12	125 126 127 128 129 130 132 133
Subgraph ID: 7_9	83 87 88 89 91 92 97
Subgraph ID: 7_9	65 66 67 69 70 73 74
Subgraph ID: 7_7	125 126 127 128 129 132 133
Subgraph ID: 7_6	39 40 41 42 43 44 45
Subgraph ID: 7_5	125 126 127 128 129 130 132
Subgraph ID: 7_10	99 100 101 116 117 119 124
Subgraph ID: 6_6	99 100 101 116 119 124
Subgraph ID: 6_5	125 126 127 128 132 133
Subgraph ID: 6_5	125 126 127 128 129 132
Subgraph ID: 6_4	39 40 41 42 44 45
Subgraph ID: 6_4	1 2 3 4 29 30
Subgraph ID: 6_2	21 22 23 24 25 26
Subgraph ID: 6_1	74 75 76 77 78 79
Subgraph ID: 5_3	125 126 127 128 132
Subgraph ID: 5_2	22 23 24 25 26
Subgraph ID: 5_2	119 120 121 122 123
Subgraph ID: 5_2	103 104 105 106 107
Subgraph ID: 5_1	92 93 94 95 96
Subgraph ID: 5_1	75 76 77 78 79
Subgraph ID: 5_1	74 75 76 77 78
Subgraph ID: 5_1	54 55 56 57 58
Subgraph ID: 4_2	23 24 25 26
Subgraph ID: 4_2	119 120 121 123
Subgraph ID: 4_2	103 104 105 106
Subgraph ID: 4_1	93 94 95 96
Subgraph ID: 4_1	92 93 94 95
Subgraph ID: 4_1	76 77 78 79
Subgraph ID: 4_1	75 76 77 78
Subgraph ID: 4_1	74 75 76 77
Subgraph ID: 4_1	55 56 57 58
Subgraph ID: 4_1	54 55 56 57
Subgraph ID: 4_1	48 49 50 51
Subgraph ID: 4_1	128 129 130 131
Subgraph ID: 3_1	94 95 96
Subgraph ID: 3_1	93 94 95
Subgraph ID: 3_1	92 93 94
Subgraph ID: 3_1	77 78 79
Subgraph ID: 3_1	76 77 78
Subgraph ID: 3_1	75 76 77
Subgraph ID: 3_1	74 75 76
Subgraph ID: 3_1	70 71 72
Subgraph ID: 3_1	56 57 58
Subgraph ID: 3_1	55 56 57
Subgraph ID: 3_1	54 55 56
Subgraph ID: 3_1	49 50 51
Subgraph ID: 3_1	48 49 50
Subgraph ID: 3_1	21 22 23
Subgraph ID: 3_1	136 137 138
Subgraph ID: 3_1	129 130 131
Subgraph ID: 3_1	128 129 130
Subgraph ID: 3_1	116 117 118
Subgraph ID: 2_1	95 96
Subgraph ID: 2_1	94 95
Subgraph ID: 2_1	93 94
Subgraph ID: 2_1	92 93
Subgraph ID: 2_1	9 10
Subgraph ID: 2_1	89 90
Subgraph ID: 2_1	85 86
Subgraph ID: 2_1	78 79
Subgraph ID: 2_1	77 78
Subgraph ID: 2_1	76 77
Subgraph ID: 2_1	75 76
Subgraph ID: 2_1	74 75
Subgraph ID: 2_1	71 72
Subgraph ID: 2_1	70 71
Subgraph ID: 2_1	67 68
Subgraph ID: 2_1	60 61
Subgraph ID: 2_1	57 58
Subgraph ID: 2_1	56 57
Subgraph ID: 2_1	55 56
Subgraph ID: 2_1	54 55
Subgraph ID: 2_1	50 51
Subgraph ID: 2_1	49 50
Subgraph ID: 2_1	48 49
Subgraph ID: 2_1	42 43
Subgraph ID: 2_1	35 36
Subgraph ID: 2_1	31 32
Subgraph ID: 2_1	22 23
Subgraph ID: 2_1	21 22
Subgraph ID: 2_1	17 18
Subgraph ID: 2_1	137 138
Subgraph ID: 2_1	136 137
Subgraph ID: 2_1	132 133
Subgraph ID: 2_1	130 131
Subgraph ID: 2_1	13 14
Subgraph ID: 2_1	129 130
Subgraph ID: 2_1	128 129
Subgraph ID: 2_1	121 122
Subgraph ID: 2_1	117 118
Subgraph ID: 2_1	116 117
Subgraph ID: 2_1	112 113
Subgraph ID: 2_1	110 111
Subgraph ID: 2_1	106 107
