Subgraph ID: 13_999	63 64 65 66 68 69 70 71 72 73 74 75 78
Subgraph ID: 13_991	63 64 65 66 67 68 69 70 72 73 74 75 78
Subgraph ID: 13_991	63 64 65 66 67 68 69 70 71 72 73 74 78
Subgraph ID: 13_920	80 81 82 83 85 86 87 88 89 90 91 92 94
Subgraph ID: 13_874	61 63 64 65 66 67 68 69 72 73 74 78 79
Subgraph ID: 13_874	61 63 64 65 66 67 68 69 70 72 73 78 79
Subgraph ID: 13_850	64 65 66 67 68 69 70 71 72 73 74 75 76
Subgraph ID: 13_762	80 81 82 83 84 85 86 87 89 90 91 92 94
Subgraph ID: 13_746	61 63 64 65 66 68 69 70 72 73 74 78 79
Subgraph ID: 13_711	63 64 65 66 68 69 70 72 73 74 75 76 78
Subgraph ID: 13_622	63 64 65 66 67 68 69 72 73 74 75 76 78
Subgraph ID: 13_608	61 63 64 65 66 68 69 72 73 74 75 78 79
Subgraph ID: 13_608	61 63 64 65 66 68 69 70 71 72 73 78 79
Subgraph ID: 13_508	80 81 82 83 85 86 87 89 90 91 92 93 94
Subgraph ID: 13_461	64 65 66 68 69 70 71 72 73 74 75 76 77
Subgraph ID: 13_423	64 65 66 67 68 69 70 72 73 74 75 76 77
Subgraph ID: 13_306	63 64 65 66 68 69 72 73 74 75 76 77 78
Subgraph ID: 13_1161	98 99 100 101 102 103 104 105 106 108 109 110 111
Subgraph ID: 13_1161	98 99 100 101 102 103 104 105 106 107 108 110 111
Subgraph ID: 13_1086	80 81 82 83 84 85 86 87 88 89 90 91 94
Subgraph ID: 12_469	80 81 82 83 84 85 86 87 88 89 90 94
Subgraph ID: 12_467	98 99 100 101 102 103 104 105 106 108 110 111
Subgraph ID: 12_462	80 81 82 83 85 86 87 88 89 90 91 94
Subgraph ID: 12_445	64 65 66 67 68 69 70 71 72 73 74 75
Subgraph ID: 12_441	63 64 65 66 67 68 69 70 72 73 74 78
Subgraph ID: 12_397	80 81 82 83 84 85 86 87 89 90 91 94
Subgraph ID: 12_379	63 64 65 66 68 69 70 72 73 74 75 78
Subgraph ID: 12_379	63 64 65 66 68 69 70 71 72 73 74 78
Subgraph ID: 12_374	61 63 64 65 66 67 68 69 72 73 78 79
Subgraph ID: 12_358	63 64 65 66 67 68 69 72 73 74 75 78
Subgraph ID: 12_358	63 64 65 66 67 68 69 70 71 72 73 78
Subgraph ID: 12_317	80 81 82 83 85 86 87 89 90 91 92 94
Subgraph ID: 12_316	64 65 66 68 69 70 71 72 73 74 75 76
Subgraph ID: 12_286	64 65 66 67 68 69 70 72 73 74 75 76
Subgraph ID: 12_285	61 63 64 65 66 68 69 72 73 74 78 79
Subgraph ID: 12_285	61 63 64 65 66 68 69 70 72 73 78 79
Subgraph ID: 12_262	96 97 98 112 113 114 115 116 117 118 119 120
Subgraph ID: 12_212	63 64 65 66 68 69 72 73 74 75 76 78
Subgraph ID: 12_152	64 65 66 68 69 70 72 73 74 75 76 77
Subgraph ID: 12_114	64 65 66 67 68 69 72 73 74 75 76 77
Subgraph ID: 11_82	64 65 66 67 68 69 72 73 74 75 76
Subgraph ID: 11_68	81 85 86 87 88 89 90 91 92 93 94
Subgraph ID: 11_42	64 65 66 68 69 72 73 74 75 76 77
Subgraph ID: 11_230	98 99 100 104 105 106 107 108 109 110 111
Subgraph ID: 11_209	80 81 82 83 85 86 87 88 89 90 94
Subgraph ID: 11_182	80 81 82 83 84 85 86 87 89 90 94
Subgraph ID: 11_179	64 65 66 68 69 70 71 72 73 74 75
Subgraph ID: 11_174	63 64 65 66 67 68 69 72 73 74 78
Subgraph ID: 11_174	63 64 65 66 67 68 69 70 72 73 78
Subgraph ID: 11_169	80 81 82 83 85 86 87 89 90 91 94
Subgraph ID: 11_164	63 64 65 66 68 69 70 72 73 74 78
Subgraph ID: 11_163	64 65 66 67 68 69 70 72 73 74 75
Subgraph ID: 11_163	64 65 66 67 68 69 70 71 72 73 74
Subgraph ID: 11_135	96 97 98 112 113 114 115 116 117 119 120
Subgraph ID: 11_125	63 64 65 66 68 69 72 73 74 75 78
Subgraph ID: 11_125	63 64 65 66 68 69 70 71 72 73 78
Subgraph ID: 11_123	61 63 64 65 66 68 69 72 73 78 79
Subgraph ID: 11_115	96 97 98 112 113 115 116 117 118 119 120
Subgraph ID: 11_114	64 65 66 68 69 70 72 73 74 75 76
Subgraph ID: 10_85	80 81 82 83 85 86 87 89 90 94
Subgraph ID: 10_83	4 5 6 7 8 9 10 11 12 13
Subgraph ID: 10_82	63 64 65 66 67 68 69 72 73 78
Subgraph ID: 10_79	64 65 66 67 68 69 70 72 73 74
Subgraph ID: 10_77	64 65 66 68 69 70 72 73 74 75
Subgraph ID: 10_77	64 65 66 68 69 70 71 72 73 74
Subgraph ID: 10_66	63 64 65 66 68 69 72 73 74 78
Subgraph ID: 10_66	63 64 65 66 68 69 70 72 73 78
Subgraph ID: 10_61	96 97 98 112 113 115 116 117 119 120
Subgraph ID: 10_55	64 65 66 67 68 69 72 73 74 75
Subgraph ID: 10_55	64 65 66 67 68 69 70 71 72 73
Subgraph ID: 10_48	81 85 86 87 88 89 90 91 92 94
Subgraph ID: 10_46	96 97 98 112 115 116 117 118 119 120
Subgraph ID: 10_35	64 65 66 68 69 72 73 74 75 76
Subgraph ID: 10_26	81 85 86 87 89 90 91 92 93 94
Subgraph ID: 10_105	98 99 100 104 105 106 108 109 110 111
Subgraph ID: 10_105	98 99 100 104 105 106 107 108 110 111
Subgraph ID: 9_47	98 99 100 104 105 106 108 110 111
Subgraph ID: 9_40	4 5 6 7 8 10 11 12 13
Subgraph ID: 9_39	64 65 66 68 69 70 72 73 74
Subgraph ID: 9_37	4 5 6 7 8 9 10 11 12
Subgraph ID: 9_31	81 85 86 87 88 89 90 91 94
Subgraph ID: 9_31	64 65 66 67 68 69 72 73 74
Subgraph ID: 9_31	64 65 66 67 68 69 70 72 73
Subgraph ID: 9_29	63 64 65 66 68 69 72 73 78
Subgraph ID: 9_27	64 65 66 68 69 72 73 74 75
Subgraph ID: 9_27	64 65 66 68 69 70 71 72 73
Subgraph ID: 9_25	96 97 98 112 115 116 117 119 120
Subgraph ID: 9_21	81 85 86 87 89 90 91 92 94
Subgraph ID: 9_13	121 122 123 124 125 126 127 128 129
Subgraph ID: 8_6	121 122 123 124 125 126 127 128
Subgraph ID: 8_19	4 5 6 7 8 10 11 12
Subgraph ID: 8_17	81 85 86 87 88 89 90 94
Subgraph ID: 8_17	64 65 66 68 69 72 73 74
Subgraph ID: 8_17	64 65 66 68 69 70 72 73
Subgraph ID: 8_15	81 85 86 87 89 90 91 94
Subgraph ID: 8_15	64 65 66 67 68 69 72 73
Subgraph ID: 8_14	96 97 98 112 113 114 115 120
Subgraph ID: 8_12	121 122 123 124 125 126 128 129
Subgraph ID: 7_9	81 85 86 87 89 90 94
Subgraph ID: 7_9	64 65 66 68 69 72 73
Subgraph ID: 7_7	121 122 123 124 125 128 129
Subgraph ID: 7_6	38 39 40 41 42 43 44
Subgraph ID: 7_5	121 122 123 124 125 126 128
Subgraph ID: 7_10	96 97 98 112 113 115 120
Subgraph ID: 6_6	96 97 98 112 115 120
Subgraph ID: 6_5	121 122 123 124 128 129
Subgraph ID: 6_5	121 122 123 124 125 128
Subgraph ID: 6_4	38 39 40 41 43 44
Subgraph ID: 6_2	20 21 22 23 24 25
Subgraph ID: 5_3	121 122 123 124 128
Subgraph ID: 5_2	21 22 23 24 25
Subgraph ID: 5_2	115 116 117 118 119
Subgraph ID: 5_1	73 74 75 76 77
Subgraph ID: 5_1	53 54 55 56 57
Subgraph ID: 4_2	22 23 24 25
Subgraph ID: 4_2	115 116 117 119
Subgraph ID: 4_2	100 101 102 103
Subgraph ID: 4_1	90 91 92 93
Subgraph ID: 4_1	74 75 76 77
Subgraph ID: 4_1	73 74 75 76
Subgraph ID: 4_1	54 55 56 57
Subgraph ID: 4_1	53 54 55 56
Subgraph ID: 4_1	47 48 49 50
Subgraph ID: 4_1	124 125 126 127
Subgraph ID: 3_1	91 92 93
Subgraph ID: 3_1	90 91 92
Subgraph ID: 3_1	75 76 77
Subgraph ID: 3_1	74 75 76
Subgraph ID: 3_1	73 74 75
Subgraph ID: 3_1	69 70 71
Subgraph ID: 3_1	55 56 57
Subgraph ID: 3_1	54 55 56
Subgraph ID: 3_1	53 54 55
Subgraph ID: 3_1	48 49 50
Subgraph ID: 3_1	47 48 49
Subgraph ID: 3_1	20 21 22
Subgraph ID: 3_1	133 134 135
Subgraph ID: 3_1	125 126 127
Subgraph ID: 3_1	124 125 126
Subgraph ID: 3_1	112 113 114
Subgraph ID: 2_1	92 93
Subgraph ID: 2_1	91 92
Subgraph ID: 2_1	90 91
Subgraph ID: 2_1	87 88
Subgraph ID: 2_1	83 84
Subgraph ID: 2_1	8 9
Subgraph ID: 2_1	76 77
Subgraph ID: 2_1	75 76
Subgraph ID: 2_1	74 75
Subgraph ID: 2_1	73 74
Subgraph ID: 2_1	70 71
Subgraph ID: 2_1	69 70
Subgraph ID: 2_1	66 67
Subgraph ID: 2_1	59 60
Subgraph ID: 2_1	56 57
Subgraph ID: 2_1	55 56
Subgraph ID: 2_1	54 55
Subgraph ID: 2_1	53 54
Subgraph ID: 2_1	49 50
Subgraph ID: 2_1	48 49
Subgraph ID: 2_1	47 48
Subgraph ID: 2_1	41 42
Subgraph ID: 2_1	34 35
Subgraph ID: 2_1	30 31
Subgraph ID: 2_1	21 22
Subgraph ID: 2_1	20 21
Subgraph ID: 2_1	16 17
Subgraph ID: 2_1	134 135
Subgraph ID: 2_1	133 134
Subgraph ID: 2_1	128 129
Subgraph ID: 2_1	126 127
Subgraph ID: 2_1	125 126
Subgraph ID: 2_1	124 125
Subgraph ID: 2_1	12 13
Subgraph ID: 2_1	117 118
Subgraph ID: 2_1	113 114
Subgraph ID: 2_1	112 113
Subgraph ID: 2_1	108 109
Subgraph ID: 2_1	106 107
