Subgraph ID: 13_999	62 63 64 65 67 68 69 70 71 72 73 74 76
Subgraph ID: 13_991	62 63 64 65 66 67 68 69 71 72 73 74 76
Subgraph ID: 13_991	62 63 64 65 66 67 68 69 70 71 72 73 76
Subgraph ID: 13_969	96 97 98 99 100 101 102 103 104 105 107 109 110
Subgraph ID: 13_920	78 79 80 81 82 83 84 85 86 87 88 89 92
Subgraph ID: 13_874	60 62 63 64 65 66 67 68 71 72 73 76 77
Subgraph ID: 13_874	60 62 63 64 65 66 67 68 69 71 72 76 77
Subgraph ID: 13_850	63 64 65 66 67 68 69 70 71 72 73 74 75
Subgraph ID: 13_746	60 62 63 64 65 67 68 69 71 72 73 76 77
Subgraph ID: 13_711	62 63 64 65 67 68 69 71 72 73 74 75 76
Subgraph ID: 13_622	62 63 64 65 66 67 68 71 72 73 74 75 76
Subgraph ID: 13_608	60 62 63 64 65 67 68 71 72 73 74 76 77
Subgraph ID: 13_608	60 62 63 64 65 67 68 69 70 71 72 76 77
Subgraph ID: 13_508	78 79 80 81 82 83 84 86 87 88 89 90 92
Subgraph ID: 13_1161	96 97 98 99 100 101 103 104 105 107 108 109 110
Subgraph ID: 13_1161	96 97 98 99 100 101 103 104 105 106 107 109 110
Subgraph ID: 12_87	79 82 83 84 85 86 87 88 89 90 91 92
Subgraph ID: 12_467	96 97 98 99 100 101 103 104 105 107 109 110
Subgraph ID: 12_462	78 79 80 81 82 83 84 85 86 87 88 92
Subgraph ID: 12_445	63 64 65 66 67 68 69 70 71 72 73 74
Subgraph ID: 12_441	62 63 64 65 66 67 68 69 71 72 73 76
Subgraph ID: 12_379	62 63 64 65 67 68 69 71 72 73 74 76
Subgraph ID: 12_379	62 63 64 65 67 68 69 70 71 72 73 76
Subgraph ID: 12_374	60 62 63 64 65 66 67 68 71 72 76 77
Subgraph ID: 12_358	62 63 64 65 66 67 68 71 72 73 74 76
Subgraph ID: 12_358	62 63 64 65 66 67 68 69 70 71 72 76
Subgraph ID: 12_317	78 79 80 81 82 83 84 86 87 88 89 92
Subgraph ID: 12_316	63 64 65 67 68 69 70 71 72 73 74 75
Subgraph ID: 12_286	63 64 65 66 67 68 69 71 72 73 74 75
Subgraph ID: 12_285	60 62 63 64 65 67 68 71 72 73 76 77
Subgraph ID: 12_285	60 62 63 64 65 67 68 69 71 72 76 77
Subgraph ID: 12_262	94 95 96 111 112 113 114 115 116 117 118 119
Subgraph ID: 12_212	62 63 64 65 67 68 71 72 73 74 75 76
Subgraph ID: 11_82	63 64 65 66 67 68 71 72 73 74 75
Subgraph ID: 11_68	79 82 83 84 85 86 87 88 89 90 92
Subgraph ID: 11_29	79 82 83 84 86 87 88 89 90 91 92
Subgraph ID: 11_230	96 97 98 103 104 105 106 107 108 109 110
Subgraph ID: 11_209	78 79 80 81 82 83 84 85 86 87 92
Subgraph ID: 11_179	63 64 65 67 68 69 70 71 72 73 74
Subgraph ID: 11_174	62 63 64 65 66 67 68 71 72 73 76
Subgraph ID: 11_174	62 63 64 65 66 67 68 69 71 72 76
Subgraph ID: 11_169	78 79 80 81 82 83 84 86 87 88 92
Subgraph ID: 11_164	62 63 64 65 67 68 69 71 72 73 76
Subgraph ID: 11_163	63 64 65 66 67 68 69 71 72 73 74
Subgraph ID: 11_163	63 64 65 66 67 68 69 70 71 72 73
Subgraph ID: 11_135	94 95 96 111 112 113 114 115 116 118 119
Subgraph ID: 11_125	62 63 64 65 67 68 71 72 73 74 76
Subgraph ID: 11_125	62 63 64 65 67 68 69 70 71 72 76
Subgraph ID: 11_123	60 62 63 64 65 67 68 71 72 76 77
Subgraph ID: 11_115	94 95 96 111 112 114 115 116 117 118 119
Subgraph ID: 11_114	63 64 65 67 68 69 71 72 73 74 75
Subgraph ID: 10_85	78 79 80 81 82 83 84 86 87 92
Subgraph ID: 10_82	62 63 64 65 66 67 68 71 72 76
Subgraph ID: 10_79	63 64 65 66 67 68 69 71 72 73
Subgraph ID: 10_77	63 64 65 67 68 69 71 72 73 74
Subgraph ID: 10_77	63 64 65 67 68 69 70 71 72 73
Subgraph ID: 10_66	62 63 64 65 67 68 71 72 73 76
Subgraph ID: 10_66	62 63 64 65 67 68 69 71 72 76
Subgraph ID: 10_61	94 95 96 111 112 114 115 116 118 119
Subgraph ID: 10_55	63 64 65 66 67 68 71 72 73 74
Subgraph ID: 10_55	63 64 65 66 67 68 69 70 71 72
Subgraph ID: 10_48	79 82 83 84 85 86 87 88 89 92
Subgraph ID: 10_46	94 95 96 111 114 115 116 117 118 119
Subgraph ID: 10_35	63 64 65 67 68 71 72 73 74 75
Subgraph ID: 10_26	79 82 83 84 86 87 88 89 90 92
Subgraph ID: 10_105	96 97 98 103 104 105 107 108 109 110
Subgraph ID: 10_105	96 97 98 103 104 105 106 107 109 110
Subgraph ID: 9_47	96 97 98 103 104 105 107 109 110
Subgraph ID: 9_39	63 64 65 67 68 69 71 72 73
Subgraph ID: 9_37	5 6 7 8 9 10 11 12 13
Subgraph ID: 9_31	79 82 83 84 85 86 87 88 92
Subgraph ID: 9_31	63 64 65 66 67 68 71 72 73
Subgraph ID: 9_31	63 64 65 66 67 68 69 71 72
Subgraph ID: 9_29	62 63 64 65 67 68 71 72 76
Subgraph ID: 9_27	63 64 65 67 68 71 72 73 74
Subgraph ID: 9_27	63 64 65 67 68 69 70 71 72
Subgraph ID: 9_25	94 95 96 111 114 115 116 118 119
Subgraph ID: 9_21	79 82 83 84 86 87 88 89 92
Subgraph ID: 8_6	120 121 122 123 124 125 126 127
Subgraph ID: 8_19	5 6 7 8 9 11 12 13
Subgraph ID: 8_17	79 82 83 84 85 86 87 92
Subgraph ID: 8_17	63 64 65 67 68 71 72 73
Subgraph ID: 8_17	63 64 65 67 68 69 71 72
Subgraph ID: 8_15	79 82 83 84 86 87 88 92
Subgraph ID: 8_15	63 64 65 66 67 68 71 72
Subgraph ID: 8_14	94 95 96 111 112 113 114 119
Subgraph ID: 7_9	79 82 83 84 86 87 92
Subgraph ID: 7_9	63 64 65 67 68 71 72
Subgraph ID: 7_6	37 38 39 40 41 42 43
Subgraph ID: 7_5	120 121 122 123 124 125 127
Subgraph ID: 7_10	94 95 96 111 112 114 119
Subgraph ID: 6_6	94 95 96 111 114 119
Subgraph ID: 6_5	120 121 122 123 124 127
Subgraph ID: 6_4	37 38 39 40 42 43
Subgraph ID: 6_4	1 2 3 4 27 28
Subgraph ID: 5_3	120 121 122 123 127
Subgraph ID: 5_2	98 99 100 101 102
Subgraph ID: 5_2	20 21 22 23 24
Subgraph ID: 5_2	114 115 116 117 118
Subgraph ID: 5_1	87 88 89 90 91
Subgraph ID: 5_1	52 53 54 55 56
Subgraph ID: 4_2	98 99 100 101
Subgraph ID: 4_2	21 22 23 24
Subgraph ID: 4_2	114 115 116 118
Subgraph ID: 4_1	88 89 90 91
Subgraph ID: 4_1	87 88 89 90
Subgraph ID: 4_1	72 73 74 75
Subgraph ID: 4_1	53 54 55 56
Subgraph ID: 4_1	52 53 54 55
Subgraph ID: 4_1	46 47 48 49
Subgraph ID: 4_1	123 124 125 126
Subgraph ID: 3_1	89 90 91
Subgraph ID: 3_1	88 89 90
Subgraph ID: 3_1	87 88 89
Subgraph ID: 3_1	73 74 75
Subgraph ID: 3_1	72 73 74
Subgraph ID: 3_1	68 69 70
Subgraph ID: 3_1	54 55 56
Subgraph ID: 3_1	53 54 55
Subgraph ID: 3_1	52 53 54
Subgraph ID: 3_1	47 48 49
Subgraph ID: 3_1	46 47 48
Subgraph ID: 3_1	130 131 132
Subgraph ID: 3_1	124 125 126
Subgraph ID: 3_1	123 124 125
Subgraph ID: 3_1	111 112 113
Subgraph ID: 2_1	90 91
Subgraph ID: 2_1	9 10
Subgraph ID: 2_1	89 90
Subgraph ID: 2_1	88 89
Subgraph ID: 2_1	87 88
Subgraph ID: 2_1	84 85
Subgraph ID: 2_1	74 75
Subgraph ID: 2_1	73 74
Subgraph ID: 2_1	72 73
Subgraph ID: 2_1	69 70
Subgraph ID: 2_1	68 69
Subgraph ID: 2_1	65 66
Subgraph ID: 2_1	58 59
Subgraph ID: 2_1	55 56
Subgraph ID: 2_1	54 55
Subgraph ID: 2_1	53 54
Subgraph ID: 2_1	52 53
Subgraph ID: 2_1	48 49
Subgraph ID: 2_1	47 48
Subgraph ID: 2_1	46 47
Subgraph ID: 2_1	40 41
Subgraph ID: 2_1	33 34
Subgraph ID: 2_1	29 30
Subgraph ID: 2_1	20 21
Subgraph ID: 2_1	16 17
Subgraph ID: 2_1	131 132
Subgraph ID: 2_1	130 131
Subgraph ID: 2_1	125 126
Subgraph ID: 2_1	124 125
Subgraph ID: 2_1	123 124
Subgraph ID: 2_1	116 117
Subgraph ID: 2_1	112 113
Subgraph ID: 2_1	111 112
Subgraph ID: 2_1	107 108
Subgraph ID: 2_1	105 106
Subgraph ID: 2_1	101 102
