Subgraph ID: 13_999	61 62 63 64 66 67 68 69 70 71 72 73 84
Subgraph ID: 13_991	61 62 63 64 65 66 67 68 70 71 72 73 84
Subgraph ID: 13_991	61 62 63 64 65 66 67 68 69 70 71 72 84
Subgraph ID: 13_918	86 87 88 89 92 93 94 96 97 98 99 102 103
Subgraph ID: 13_918	86 87 88 89 90 91 92 93 94 96 97 102 103
Subgraph ID: 13_874	1 61 62 63 64 65 66 67 70 71 72 84 85
Subgraph ID: 13_874	1 61 62 63 64 65 66 67 68 70 71 84 85
Subgraph ID: 13_850	62 63 64 65 66 67 68 69 70 71 72 73 74
Subgraph ID: 13_746	1 61 62 63 64 66 67 68 70 71 72 84 85
Subgraph ID: 13_711	61 62 63 64 66 67 68 70 71 72 73 74 84
Subgraph ID: 13_622	61 62 63 64 65 66 67 70 71 72 73 74 84
Subgraph ID: 13_609	1 61 62 63 64 66 67 70 71 72 73 84 85
Subgraph ID: 13_609	1 61 62 63 64 66 67 68 69 70 71 84 85
Subgraph ID: 13_461	62 63 64 66 67 68 69 70 71 72 73 74 75
Subgraph ID: 13_423	62 63 64 65 66 67 68 70 71 72 73 74 75
Subgraph ID: 13_360	87 92 93 94 95 96 97 98 99 100 101 102 103
Subgraph ID: 13_306	61 62 63 64 66 67 70 71 72 73 74 75 84
Subgraph ID: 13_1144	86 87 88 89 92 93 94 95 96 97 98 102 103
Subgraph ID: 13_1144	86 87 88 89 90 92 93 94 95 96 97 102 103
Subgraph ID: 13_104	71 72 73 74 75 76 77 78 79 80 81 82 83
Subgraph ID: 13_1008	86 87 88 89 90 92 93 94 96 97 98 102 103
Subgraph ID: 12_68	72 73 74 75 76 77 78 79 80 81 82 83
Subgraph ID: 12_68	71 72 73 74 75 76 77 78 79 80 81 83
Subgraph ID: 12_544	107 108 109 113 114 115 116 117 118 119 120 121
Subgraph ID: 12_499	86 87 88 89 92 93 94 95 96 97 102 103
Subgraph ID: 12_445	62 63 64 65 66 67 68 69 70 71 72 73
Subgraph ID: 12_441	61 62 63 64 65 66 67 68 70 71 72 84
Subgraph ID: 12_437	86 87 88 89 92 93 94 96 97 98 102 103
Subgraph ID: 12_437	86 87 88 89 90 92 93 94 96 97 102 103
Subgraph ID: 12_379	61 62 63 64 66 67 68 70 71 72 73 84
Subgraph ID: 12_379	61 62 63 64 66 67 68 69 70 71 72 84
Subgraph ID: 12_374	1 61 62 63 64 65 66 67 70 71 84 85
Subgraph ID: 12_358	61 62 63 64 65 66 67 70 71 72 73 84
Subgraph ID: 12_358	61 62 63 64 65 66 67 68 69 70 71 84
Subgraph ID: 12_316	62 63 64 66 67 68 69 70 71 72 73 74
Subgraph ID: 12_286	62 63 64 65 66 67 68 70 71 72 73 74
Subgraph ID: 12_285	1 61 62 63 64 66 67 70 71 72 84 85
Subgraph ID: 12_285	1 61 62 63 64 66 67 68 70 71 84 85
Subgraph ID: 12_262	105 106 107 122 123 124 125 126 127 128 129 130
Subgraph ID: 12_254	87 92 93 94 95 96 97 98 99 100 102 103
Subgraph ID: 12_213	61 62 63 64 66 67 70 71 72 73 74 84
Subgraph ID: 12_152	62 63 64 66 67 68 70 71 72 73 74 75
Subgraph ID: 12_134	87 92 93 94 96 97 98 99 100 101 102 103
Subgraph ID: 12_114	62 63 64 65 66 67 70 71 72 73 74 75
Subgraph ID: 11_82	62 63 64 65 66 67 70 71 72 73 74
Subgraph ID: 11_45	72 73 74 75 76 77 78 79 80 81 83
Subgraph ID: 11_42	62 63 64 66 67 70 71 72 73 74 75
Subgraph ID: 11_33	73 74 75 76 77 78 79 80 81 82 83
Subgraph ID: 11_33	71 72 73 74 75 76 77 78 79 80 83
Subgraph ID: 11_229	107 108 109 113 114 115 116 117 118 120 121
Subgraph ID: 11_192	86 87 88 89 92 93 94 96 97 102 103
Subgraph ID: 11_179	62 63 64 66 67 68 69 70 71 72 73
Subgraph ID: 11_174	61 62 63 64 65 66 67 70 71 72 84
Subgraph ID: 11_174	61 62 63 64 65 66 67 68 70 71 84
Subgraph ID: 11_164	61 62 63 64 66 67 68 70 71 72 84
Subgraph ID: 11_163	62 63 64 65 66 67 68 70 71 72 73
Subgraph ID: 11_163	62 63 64 65 66 67 68 69 70 71 72
Subgraph ID: 11_153	87 92 93 94 95 96 97 98 99 102 103
Subgraph ID: 11_135	105 106 107 122 123 124 125 126 127 129 130
Subgraph ID: 11_125	61 62 63 64 66 67 70 71 72 73 84
Subgraph ID: 11_125	61 62 63 64 66 67 68 69 70 71 84
Subgraph ID: 11_123	1 61 62 63 64 66 67 70 71 84 85
Subgraph ID: 11_115	105 106 107 122 123 125 126 127 128 129 130
Subgraph ID: 11_114	62 63 64 66 67 68 70 71 72 73 74
Subgraph ID: 11_101	87 92 93 94 96 97 98 99 100 102 103
Subgraph ID: 10_82	61 62 63 64 65 66 67 70 71 84
Subgraph ID: 10_81	87 92 93 94 95 96 97 98 102 103
Subgraph ID: 10_79	62 63 64 65 66 67 68 70 71 72
Subgraph ID: 10_77	62 63 64 66 67 68 70 71 72 73
Subgraph ID: 10_77	62 63 64 66 67 68 69 70 71 72
Subgraph ID: 10_68	87 92 93 94 96 97 98 99 102 103
Subgraph ID: 10_66	61 62 63 64 66 67 70 71 72 84
Subgraph ID: 10_66	61 62 63 64 66 67 68 70 71 84
Subgraph ID: 10_61	105 106 107 122 123 125 126 127 129 130
Subgraph ID: 10_55	62 63 64 65 66 67 70 71 72 73
Subgraph ID: 10_55	62 63 64 65 66 67 68 69 70 71
Subgraph ID: 10_46	105 106 107 122 125 126 127 128 129 130
Subgraph ID: 10_35	62 63 64 66 67 70 71 72 73 74
Subgraph ID: 10_30	73 74 75 76 77 78 79 80 81 83
Subgraph ID: 10_30	72 73 74 75 76 77 78 79 80 83
Subgraph ID: 10_15	74 75 76 77 78 79 80 81 82 83
Subgraph ID: 10_15	71 72 73 74 75 76 77 78 79 83
Subgraph ID: 9_5	75 76 77 78 79 80 81 82 83
Subgraph ID: 9_5	71 72 73 74 75 76 77 78 83
Subgraph ID: 9_39	62 63 64 66 67 68 70 71 72
Subgraph ID: 9_38	87 92 93 94 96 97 98 102 103
Subgraph ID: 9_38	87 92 93 94 95 96 97 102 103
Subgraph ID: 9_31	62 63 64 65 66 67 70 71 72
Subgraph ID: 9_31	62 63 64 65 66 67 68 70 71
Subgraph ID: 9_29	61 62 63 64 66 67 70 71 84
Subgraph ID: 9_27	62 63 64 66 67 70 71 72 73
Subgraph ID: 9_27	62 63 64 66 67 68 69 70 71
Subgraph ID: 9_25	105 106 107 122 125 126 127 129 130
Subgraph ID: 9_20	73 74 75 76 77 78 79 80 83
Subgraph ID: 9_13	74 75 76 77 78 79 80 81 83
Subgraph ID: 9_13	72 73 74 75 76 77 78 79 83
Subgraph ID: 9_13	131 132 133 134 135 136 137 138 139
Subgraph ID: 8_6	75 76 77 78 79 80 81 83
Subgraph ID: 8_6	72 73 74 75 76 77 78 83
Subgraph ID: 8_6	131 132 133 134 135 136 137 138
Subgraph ID: 8_18	87 92 93 94 96 97 102 103
Subgraph ID: 8_17	62 63 64 66 67 70 71 72
Subgraph ID: 8_17	62 63 64 66 67 68 70 71
Subgraph ID: 8_15	62 63 64 65 66 67 70 71
Subgraph ID: 8_14	105 106 107 122 123 124 125 130
Subgraph ID: 8_12	74 75 76 77 78 79 80 83
Subgraph ID: 8_12	73 74 75 76 77 78 79 83
Subgraph ID: 8_12	131 132 133 134 135 136 138 139
Subgraph ID: 7_9	62 63 64 66 67 70 71
Subgraph ID: 7_7	74 75 76 77 78 79 83
Subgraph ID: 7_7	131 132 133 134 135 138 139
Subgraph ID: 7_6	34 35 36 37 38 39 40
Subgraph ID: 7_5	75 76 77 78 79 80 83
Subgraph ID: 7_5	73 74 75 76 77 78 83
Subgraph ID: 7_5	131 132 133 134 135 136 138
Subgraph ID: 7_10	105 106 107 122 123 125 130
Subgraph ID: 7_1	49 50 51 52 53 54 55
Subgraph ID: 6_6	105 106 107 122 125 130
Subgraph ID: 6_5	75 76 77 78 79 83
Subgraph ID: 6_5	74 75 76 77 78 83
Subgraph ID: 6_5	131 132 133 134 138 139
Subgraph ID: 6_5	131 132 133 134 135 138
Subgraph ID: 6_4	34 35 36 37 39 40
Subgraph ID: 6_1	50 51 52 53 54 55
Subgraph ID: 6_1	49 50 51 52 53 54
Subgraph ID: 5_3	75 76 77 78 83
Subgraph ID: 5_3	131 132 133 134 138
Subgraph ID: 5_2	17 18 19 20 21
Subgraph ID: 5_2	125 126 127 128 129
Subgraph ID: 5_1	97 98 99 100 101
Subgraph ID: 5_1	78 79 80 81 82
Subgraph ID: 5_1	71 72 73 74 75
Subgraph ID: 5_1	51 52 53 54 55
Subgraph ID: 5_1	50 51 52 53 54
Subgraph ID: 5_1	49 50 51 52 53
Subgraph ID: 4_2	18 19 20 21
Subgraph ID: 4_2	125 126 127 129
Subgraph ID: 4_2	109 110 111 112
Subgraph ID: 4_1	98 99 100 101
Subgraph ID: 4_1	97 98 99 100
Subgraph ID: 4_1	79 80 81 82
Subgraph ID: 4_1	78 79 80 81
Subgraph ID: 4_1	72 73 74 75
Subgraph ID: 4_1	71 72 73 74
Subgraph ID: 4_1	52 53 54 55
Subgraph ID: 4_1	51 52 53 54
Subgraph ID: 4_1	50 51 52 53
Subgraph ID: 4_1	49 50 51 52
Subgraph ID: 4_1	43 44 45 46
Subgraph ID: 4_1	134 135 136 137
Subgraph ID: 3_1	99 100 101
Subgraph ID: 3_1	98 99 100
Subgraph ID: 3_1	97 98 99
Subgraph ID: 3_1	89 90 91
Subgraph ID: 3_1	80 81 82
Subgraph ID: 3_1	79 80 81
Subgraph ID: 3_1	78 79 80
Subgraph ID: 3_1	73 74 75
Subgraph ID: 3_1	72 73 74
Subgraph ID: 3_1	71 72 73
Subgraph ID: 3_1	67 68 69
Subgraph ID: 3_1	6 7 8
Subgraph ID: 3_1	57 58 59
Subgraph ID: 3_1	53 54 55
Subgraph ID: 3_1	52 53 54
Subgraph ID: 3_1	51 52 53
Subgraph ID: 3_1	50 51 52
Subgraph ID: 3_1	49 50 51
Subgraph ID: 3_1	44 45 46
Subgraph ID: 3_1	43 44 45
Subgraph ID: 3_1	143 144 145
Subgraph ID: 3_1	135 136 137
Subgraph ID: 3_1	134 135 136
Subgraph ID: 3_1	122 123 124
Subgraph ID: 2_1	99 100
Subgraph ID: 2_1	98 99
Subgraph ID: 2_1	97 98
Subgraph ID: 2_1	94 95
Subgraph ID: 2_1	90 91
Subgraph ID: 2_1	89 90
Subgraph ID: 2_1	81 82
Subgraph ID: 2_1	80 81
Subgraph ID: 2_1	79 80
Subgraph ID: 2_1	78 79
Subgraph ID: 2_1	74 75
Subgraph ID: 2_1	73 74
Subgraph ID: 2_1	72 73
Subgraph ID: 2_1	71 72
Subgraph ID: 2_1	7 8
Subgraph ID: 2_1	68 69
Subgraph ID: 2_1	67 68
Subgraph ID: 2_1	64 65
Subgraph ID: 2_1	6 7
Subgraph ID: 2_1	58 59
Subgraph ID: 2_1	57 58
Subgraph ID: 2_1	54 55
Subgraph ID: 2_1	53 54
Subgraph ID: 2_1	52 53
Subgraph ID: 2_1	51 52
Subgraph ID: 2_1	50 51
Subgraph ID: 2_1	49 50
Subgraph ID: 2_1	45 46
Subgraph ID: 2_1	44 45
Subgraph ID: 2_1	43 44
Subgraph ID: 2_1	37 38
Subgraph ID: 2_1	30 31
Subgraph ID: 2_1	26 27
Subgraph ID: 2_1	17 18
Subgraph ID: 2_1	144 145
Subgraph ID: 2_1	143 144
Subgraph ID: 2_1	14 15
Subgraph ID: 2_1	138 139
Subgraph ID: 2_1	136 137
Subgraph ID: 2_1	135 136
Subgraph ID: 2_1	134 135
Subgraph ID: 2_1	127 128
Subgraph ID: 2_1	123 124
Subgraph ID: 2_1	122 123
Subgraph ID: 2_1	118 119
Subgraph ID: 2_1	100 101
