Subgraph ID: 13_999	61 62 63 64 66 67 68 69 70 71 72 73 82
Subgraph ID: 13_991	61 62 63 64 65 66 67 68 70 71 72 73 82
Subgraph ID: 13_991	61 62 63 64 65 66 67 68 69 70 71 72 82
Subgraph ID: 13_918	84 85 86 87 88 89 90 92 93 94 95 99 100
Subgraph ID: 13_874	0 61 62 63 64 65 66 67 70 71 72 82 83
Subgraph ID: 13_874	0 61 62 63 64 65 66 67 68 70 71 82 83
Subgraph ID: 13_850	62 63 64 65 66 67 68 69 70 71 72 73 74
Subgraph ID: 13_746	0 61 62 63 64 66 67 68 70 71 72 82 83
Subgraph ID: 13_711	61 62 63 64 66 67 68 70 71 72 73 74 82
Subgraph ID: 13_622	61 62 63 64 65 66 67 70 71 72 73 74 82
Subgraph ID: 13_608	0 61 62 63 64 66 67 70 71 72 73 82 83
Subgraph ID: 13_608	0 61 62 63 64 66 67 68 69 70 71 82 83
Subgraph ID: 13_461	62 63 64 66 67 68 69 70 71 72 73 74 75
Subgraph ID: 13_423	62 63 64 65 66 67 68 70 71 72 73 74 75
Subgraph ID: 13_360	85 88 89 90 91 92 93 94 95 96 97 99 100
Subgraph ID: 13_306	61 62 63 64 66 67 70 71 72 73 74 75 82
Subgraph ID: 13_159	85 88 89 90 92 93 94 95 96 97 98 99 100
Subgraph ID: 13_1292	104 105 106 111 112 113 114 115 116 117 118 119 120
Subgraph ID: 13_1144	84 85 86 87 88 89 90 91 92 93 94 99 100
Subgraph ID: 12_544	104 105 106 111 112 113 114 115 116 118 119 120
Subgraph ID: 12_544	104 105 106 111 112 113 114 115 116 117 118 119
Subgraph ID: 12_499	84 85 86 87 88 89 90 91 92 93 99 100
Subgraph ID: 12_445	62 63 64 65 66 67 68 69 70 71 72 73
Subgraph ID: 12_441	61 62 63 64 65 66 67 68 70 71 72 82
Subgraph ID: 12_437	84 85 86 87 88 89 90 92 93 94 99 100
Subgraph ID: 12_379	61 62 63 64 66 67 68 70 71 72 73 82
Subgraph ID: 12_379	61 62 63 64 66 67 68 69 70 71 72 82
Subgraph ID: 12_374	0 61 62 63 64 65 66 67 70 71 82 83
Subgraph ID: 12_358	61 62 63 64 65 66 67 70 71 72 73 82
Subgraph ID: 12_358	61 62 63 64 65 66 67 68 69 70 71 82
Subgraph ID: 12_316	62 63 64 66 67 68 69 70 71 72 73 74
Subgraph ID: 12_286	62 63 64 65 66 67 68 70 71 72 73 74
Subgraph ID: 12_285	0 61 62 63 64 66 67 70 71 72 82 83
Subgraph ID: 12_285	0 61 62 63 64 66 67 68 70 71 82 83
Subgraph ID: 12_254	85 88 89 90 91 92 93 94 95 96 99 100
Subgraph ID: 12_212	61 62 63 64 66 67 70 71 72 73 74 82
Subgraph ID: 12_152	62 63 64 66 67 68 70 71 72 73 74 75
Subgraph ID: 12_134	85 88 89 90 92 93 94 95 96 97 99 100
Subgraph ID: 12_114	62 63 64 65 66 67 70 71 72 73 74 75
Subgraph ID: 11_82	62 63 64 65 66 67 70 71 72 73 74
Subgraph ID: 11_42	62 63 64 66 67 70 71 72 73 74 75
Subgraph ID: 11_33	71 72 73 74 75 76 77 78 79 80 81
Subgraph ID: 11_229	104 105 106 111 112 113 114 115 116 118 119
Subgraph ID: 11_192	84 85 86 87 88 89 90 92 93 99 100
Subgraph ID: 11_179	62 63 64 66 67 68 69 70 71 72 73
Subgraph ID: 11_174	61 62 63 64 65 66 67 70 71 72 82
Subgraph ID: 11_174	61 62 63 64 65 66 67 68 70 71 82
Subgraph ID: 11_164	61 62 63 64 66 67 68 70 71 72 82
Subgraph ID: 11_163	62 63 64 65 66 67 68 70 71 72 73
Subgraph ID: 11_163	62 63 64 65 66 67 68 69 70 71 72
Subgraph ID: 11_153	85 88 89 90 91 92 93 94 95 99 100
Subgraph ID: 11_125	61 62 63 64 66 67 70 71 72 73 82
Subgraph ID: 11_125	61 62 63 64 66 67 68 69 70 71 82
Subgraph ID: 11_123	0 61 62 63 64 66 67 70 71 82 83
Subgraph ID: 11_115	102 103 104 121 122 123 124 125 126 127 128
Subgraph ID: 11_114	62 63 64 66 67 68 70 71 72 73 74
Subgraph ID: 11_101	85 88 89 90 92 93 94 95 96 99 100
Subgraph ID: 10_82	61 62 63 64 65 66 67 70 71 82
Subgraph ID: 10_81	85 88 89 90 91 92 93 94 99 100
Subgraph ID: 10_79	62 63 64 65 66 67 68 70 71 72
Subgraph ID: 10_77	62 63 64 66 67 68 70 71 72 73
Subgraph ID: 10_77	62 63 64 66 67 68 69 70 71 72
Subgraph ID: 10_68	85 88 89 90 92 93 94 95 99 100
Subgraph ID: 10_66	61 62 63 64 66 67 70 71 72 82
Subgraph ID: 10_66	61 62 63 64 66 67 68 70 71 82
Subgraph ID: 10_61	102 103 104 121 122 123 124 125 127 128
Subgraph ID: 10_55	62 63 64 65 66 67 70 71 72 73
Subgraph ID: 10_55	62 63 64 65 66 67 68 69 70 71
Subgraph ID: 10_46	102 103 104 121 123 124 125 126 127 128
Subgraph ID: 10_35	62 63 64 66 67 70 71 72 73 74
Subgraph ID: 10_30	72 73 74 75 76 77 78 79 80 81
Subgraph ID: 10_15	71 72 73 74 75 76 77 78 79 81
Subgraph ID: 9_5	71 72 73 74 75 76 77 78 81
Subgraph ID: 9_39	62 63 64 66 67 68 70 71 72
Subgraph ID: 9_38	85 88 89 90 92 93 94 99 100
Subgraph ID: 9_38	85 88 89 90 91 92 93 99 100
Subgraph ID: 9_37	4 5 6 7 8 9 10 11 12
Subgraph ID: 9_31	62 63 64 65 66 67 70 71 72
Subgraph ID: 9_31	62 63 64 65 66 67 68 70 71
Subgraph ID: 9_29	61 62 63 64 66 67 70 71 82
Subgraph ID: 9_27	62 63 64 66 67 70 71 72 73
Subgraph ID: 9_27	62 63 64 66 67 68 69 70 71
Subgraph ID: 9_25	102 103 104 121 123 124 125 127 128
Subgraph ID: 9_20	73 74 75 76 77 78 79 80 81
Subgraph ID: 9_13	72 73 74 75 76 77 78 79 81
Subgraph ID: 9_13	129 130 131 132 133 134 135 136 137
Subgraph ID: 8_6	72 73 74 75 76 77 78 81
Subgraph ID: 8_6	129 130 131 132 133 134 135 136
Subgraph ID: 8_19	4 5 6 7 8 10 11 12
Subgraph ID: 8_18	85 88 89 90 92 93 99 100
Subgraph ID: 8_17	62 63 64 66 67 70 71 72
Subgraph ID: 8_17	62 63 64 66 67 68 70 71
Subgraph ID: 8_16	36 37 38 39 40 41 42 43
Subgraph ID: 8_15	62 63 64 65 66 67 70 71
Subgraph ID: 8_12	74 75 76 77 78 79 80 81
Subgraph ID: 8_12	73 74 75 76 77 78 79 81
Subgraph ID: 8_12	129 130 131 132 133 134 136 137
Subgraph ID: 7_9	62 63 64 66 67 70 71
Subgraph ID: 7_7	74 75 76 77 78 79 81
Subgraph ID: 7_7	129 130 131 132 133 136 137
Subgraph ID: 7_6	36 37 38 39 41 42 43
Subgraph ID: 7_6	36 37 38 39 40 41 43
Subgraph ID: 7_5	75 76 77 78 79 80 81
Subgraph ID: 7_5	73 74 75 76 77 78 81
Subgraph ID: 7_5	129 130 131 132 133 134 136
Subgraph ID: 7_10	102 103 104 121 122 123 128
Subgraph ID: 6_6	102 103 104 121 123 128
Subgraph ID: 6_5	75 76 77 78 79 81
Subgraph ID: 6_5	74 75 76 77 78 81
Subgraph ID: 6_5	129 130 131 132 136 137
Subgraph ID: 6_5	129 130 131 132 133 136
Subgraph ID: 6_4	36 37 38 39 41 43
Subgraph ID: 6_4	0 1 2 3 27 28
Subgraph ID: 6_2	19 20 21 22 23 24
Subgraph ID: 6_1	93 94 95 96 97 98
Subgraph ID: 5_3	75 76 77 78 81
Subgraph ID: 5_3	129 130 131 132 136
Subgraph ID: 5_2	20 21 22 23 24
Subgraph ID: 5_2	123 124 125 126 127
Subgraph ID: 5_2	106 107 108 109 110
Subgraph ID: 5_1	94 95 96 97 98
Subgraph ID: 5_1	93 94 95 96 97
Subgraph ID: 5_1	71 72 73 74 75
Subgraph ID: 4_2	21 22 23 24
Subgraph ID: 4_2	123 124 125 127
Subgraph ID: 4_2	106 107 108 110
Subgraph ID: 4_1	95 96 97 98
Subgraph ID: 4_1	94 95 96 97
Subgraph ID: 4_1	93 94 95 96
Subgraph ID: 4_1	72 73 74 75
Subgraph ID: 4_1	71 72 73 74
Subgraph ID: 4_1	52 53 54 55
Subgraph ID: 4_1	46 47 48 49
Subgraph ID: 4_1	132 133 134 135
Subgraph ID: 3_1	96 97 98
Subgraph ID: 3_1	95 96 97
Subgraph ID: 3_1	94 95 96
Subgraph ID: 3_1	93 94 95
Subgraph ID: 3_1	78 79 80
Subgraph ID: 3_1	73 74 75
Subgraph ID: 3_1	72 73 74
Subgraph ID: 3_1	71 72 73
Subgraph ID: 3_1	67 68 69
Subgraph ID: 3_1	57 58 59
Subgraph ID: 3_1	53 54 55
Subgraph ID: 3_1	52 53 54
Subgraph ID: 3_1	47 48 49
Subgraph ID: 3_1	46 47 48
Subgraph ID: 3_1	19 20 21
Subgraph ID: 3_1	140 141 142
Subgraph ID: 3_1	133 134 135
Subgraph ID: 3_1	132 133 134
Subgraph ID: 2_1	97 98
Subgraph ID: 2_1	96 97
Subgraph ID: 2_1	95 96
Subgraph ID: 2_1	94 95
Subgraph ID: 2_1	93 94
Subgraph ID: 2_1	90 91
Subgraph ID: 2_1	8 9
Subgraph ID: 2_1	79 80
Subgraph ID: 2_1	78 79
Subgraph ID: 2_1	74 75
Subgraph ID: 2_1	73 74
Subgraph ID: 2_1	72 73
Subgraph ID: 2_1	71 72
Subgraph ID: 2_1	68 69
Subgraph ID: 2_1	67 68
Subgraph ID: 2_1	64 65
Subgraph ID: 2_1	58 59
Subgraph ID: 2_1	57 58
Subgraph ID: 2_1	54 55
Subgraph ID: 2_1	53 54
Subgraph ID: 2_1	52 53
Subgraph ID: 2_1	48 49
Subgraph ID: 2_1	47 48
Subgraph ID: 2_1	46 47
Subgraph ID: 2_1	41 42
Subgraph ID: 2_1	39 40
Subgraph ID: 2_1	32 33
Subgraph ID: 2_1	20 21
Subgraph ID: 2_1	19 20
Subgraph ID: 2_1	15 16
Subgraph ID: 2_1	141 142
Subgraph ID: 2_1	140 141
Subgraph ID: 2_1	136 137
Subgraph ID: 2_1	134 135
Subgraph ID: 2_1	133 134
Subgraph ID: 2_1	132 133
Subgraph ID: 2_1	125 126
Subgraph ID: 2_1	121 122
Subgraph ID: 2_1	119 120
Subgraph ID: 2_1	116 117
Subgraph ID: 2_1	108 109
