Subgraph ID: 13_939	4 5 6 7 8 9 10 18 19 20 21 23 24
Subgraph ID: 13_826	1 34 35 36 37 38 39 40 42 43 44 46 47
Subgraph ID: 13_693	1 34 35 36 37 38 39 40 42 43 44 45 46
Subgraph ID: 13_641	1 34 35 36 38 39 40 42 43 44 45 46 47
Subgraph ID: 13_631	0 1 2 34 35 36 38 39 40 42 43 46 48
Subgraph ID: 13_617	1 34 35 36 37 38 39 40 41 42 43 46 47
Subgraph ID: 13_617	1 34 35 36 37 38 39 40 41 42 43 44 46
Subgraph ID: 13_609	50 51 52 53 54 55 56 57 58 60 61 63 64
Subgraph ID: 13_581	50 51 52 53 54 55 56 57 58 59 60 63 64
Subgraph ID: 13_493	1 34 35 36 38 39 40 41 42 43 44 46 47
Subgraph ID: 13_473	50 51 52 53 54 55 56 57 58 60 63 64 65
Subgraph ID: 13_397	1 34 35 36 38 39 40 41 42 43 44 45 46
Subgraph ID: 13_1226	3 4 5 6 7 8 9 10 18 21 23 24 25
Subgraph ID: 13_1225	0 1 2 34 35 36 38 43 44 45 46 47 48
Subgraph ID: 13_1200	4 5 6 7 9 10 11 18 19 21 22 23 24
Subgraph ID: 13_1198	3 4 5 6 7 9 10 18 21 22 23 24 25
Subgraph ID: 13_1198	3 4 5 6 7 9 10 18 19 21 23 24 25
Subgraph ID: 13_1198	3 4 5 6 7 9 10 11 18 21 23 24 25
Subgraph ID: 13_1194	0 1 2 34 35 36 38 43 44 46 47 48 49
Subgraph ID: 13_1186	3 4 5 6 7 9 10 18 21 23 24 25 26
Subgraph ID: 13_1183	0 1 2 34 35 36 37 38 43 44 46 47 48
Subgraph ID: 13_1181	4 5 6 9 10 11 18 19 20 21 22 23 24
Subgraph ID: 13_1164	0 1 2 34 35 36 37 38 43 44 45 46 48
Subgraph ID: 13_1157	3 4 5 6 9 10 18 19 21 22 23 24 25
Subgraph ID: 13_1157	3 4 5 6 9 10 11 18 21 22 23 24 25
Subgraph ID: 13_1157	3 4 5 6 9 10 11 18 19 21 23 24 25
Subgraph ID: 13_1137	0 1 2 34 35 36 38 43 44 45 46 48 49
Subgraph ID: 13_1101	4 5 6 7 9 10 18 19 20 21 22 23 24
Subgraph ID: 13_1101	4 5 6 7 9 10 11 18 19 20 21 23 24
Subgraph ID: 13_1087	3 4 5 6 9 10 18 21 22 23 24 25 26
Subgraph ID: 13_1087	3 4 5 6 9 10 18 19 21 23 24 25 26
Subgraph ID: 13_1087	3 4 5 6 9 10 11 18 21 23 24 25 26
Subgraph ID: 13_1086	0 1 2 34 35 36 37 38 43 46 47 48 49
Subgraph ID: 13_1086	0 1 2 34 35 36 37 38 43 44 46 48 49
Subgraph ID: 13_1082	4 5 6 7 8 9 10 18 19 21 22 23 24
Subgraph ID: 13_1082	4 5 6 7 8 9 10 11 18 21 22 23 24
Subgraph ID: 13_1082	4 5 6 7 8 9 10 11 18 19 21 23 24
Subgraph ID: 13_1016	0 1 2 34 35 36 38 43 46 48 50 66 71
Subgraph ID: 13_1012	3 4 5 6 9 10 18 19 20 21 23 24 25
Subgraph ID: 12_524	3 4 5 6 7 9 10 18 21 23 24 25
Subgraph ID: 12_521	0 1 2 34 35 36 38 43 44 46 47 48
Subgraph ID: 12_516	4 5 6 9 10 11 18 19 21 22 23 24
Subgraph ID: 12_495	4 5 6 7 9 10 18 19 21 22 23 24
Subgraph ID: 12_495	4 5 6 7 9 10 11 18 21 22 23 24
Subgraph ID: 12_495	4 5 6 7 9 10 11 18 19 21 23 24
Subgraph ID: 12_485	0 1 2 34 35 36 38 43 44 45 46 48
Subgraph ID: 12_472	3 4 5 6 9 10 18 21 22 23 24 25
Subgraph ID: 12_472	3 4 5 6 9 10 18 19 21 23 24 25
Subgraph ID: 12_472	3 4 5 6 9 10 11 18 21 23 24 25
Subgraph ID: 12_469	0 1 2 34 35 36 38 43 46 47 48 49
Subgraph ID: 12_469	0 1 2 34 35 36 38 43 44 46 48 49
Subgraph ID: 12_463	3 4 5 6 9 10 18 21 23 24 25 26
Subgraph ID: 12_462	0 1 2 34 35 36 37 38 43 46 47 48
Subgraph ID: 12_462	0 1 2 34 35 36 37 38 43 44 46 48
Subgraph ID: 12_460	4 5 6 9 10 18 19 20 21 22 23 24
Subgraph ID: 12_460	4 5 6 9 10 11 18 19 20 21 23 24
Subgraph ID: 12_434	4 5 6 7 8 9 10 18 21 22 23 24
Subgraph ID: 12_434	4 5 6 7 8 9 10 18 19 21 23 24
Subgraph ID: 12_434	4 5 6 7 8 9 10 11 18 21 23 24
Subgraph ID: 12_414	4 5 6 7 9 10 18 19 20 21 23 24
Subgraph ID: 12_397	0 1 2 34 35 36 37 38 43 46 48 49
Subgraph ID: 12_322	1 34 35 36 37 38 39 40 42 43 46 47
Subgraph ID: 12_322	1 34 35 36 37 38 39 40 42 43 44 46
Subgraph ID: 12_263	1 34 35 36 38 39 40 42 43 44 46 47
Subgraph ID: 12_246	1 34 35 36 37 38 39 40 41 42 43 46
Subgraph ID: 12_209	50 51 52 53 54 55 56 57 58 60 63 64
Subgraph ID: 12_208	1 34 35 36 38 39 40 42 43 44 45 46
Subgraph ID: 12_178	1 34 35 36 38 39 40 41 42 43 46 47
Subgraph ID: 12_178	1 34 35 36 38 39 40 41 42 43 44 46
Subgraph ID: 11_94	1 34 35 36 38 39 40 42 43 46 47
Subgraph ID: 11_94	1 34 35 36 38 39 40 42 43 44 46
Subgraph ID: 11_69	1 34 35 36 38 39 40 41 42 43 46
Subgraph ID: 11_211	4 5 6 9 10 18 19 21 22 23 24
Subgraph ID: 11_211	4 5 6 9 10 11 18 21 22 23 24
Subgraph ID: 11_211	4 5 6 9 10 11 18 19 21 23 24
Subgraph ID: 11_210	3 4 5 6 9 10 18 21 23 24 25
Subgraph ID: 11_209	0 1 2 34 35 36 38 43 46 47 48
Subgraph ID: 11_209	0 1 2 34 35 36 38 43 44 46 48
Subgraph ID: 11_203	4 5 6 7 9 10 18 21 22 23 24
Subgraph ID: 11_203	4 5 6 7 9 10 18 19 21 23 24
Subgraph ID: 11_203	4 5 6 7 9 10 11 18 21 23 24
Subgraph ID: 11_182	0 1 2 34 35 36 38 43 46 48 49
Subgraph ID: 11_169	0 1 2 34 35 36 37 38 43 46 48
Subgraph ID: 11_167	4 5 6 9 10 18 19 20 21 23 24
Subgraph ID: 11_163	1 34 35 36 37 38 43 44 45 46 47
Subgraph ID: 11_130	1 34 35 36 37 38 39 40 42 43 46
Subgraph ID: 10_90	4 5 6 9 10 18 21 22 23 24
Subgraph ID: 10_90	4 5 6 9 10 18 19 21 23 24
Subgraph ID: 10_90	4 5 6 9 10 11 18 21 23 24
Subgraph ID: 10_85	0 1 2 34 35 36 38 43 46 48
Subgraph ID: 10_79	1 34 35 36 37 38 43 44 46 47
Subgraph ID: 10_55	50 51 52 53 60 61 62 63 64 65
Subgraph ID: 10_55	1 34 35 36 37 38 43 44 45 46
Subgraph ID: 10_39	1 34 35 36 38 39 40 42 43 46
Subgraph ID: 9_31	50 51 52 53 60 61 63 64 65
Subgraph ID: 9_31	1 34 35 36 37 38 43 46 47
Subgraph ID: 9_31	1 34 35 36 37 38 43 44 46
Subgraph ID: 9_27	50 51 52 53 60 61 62 63 64
Subgraph ID: 8_20	10 11 12 13 14 15 16 17
Subgraph ID: 8_17	50 51 52 53 60 61 63 64
Subgraph ID: 8_15	50 51 52 53 60 63 64 65
Subgraph ID: 8_15	1 34 35 36 37 38 43 46
Subgraph ID: 7_9	50 51 52 53 60 63 64
Subgraph ID: 7_7	11 12 13 14 15 16 17
Subgraph ID: 7_7	10 11 12 13 15 16 17
Subgraph ID: 7_7	10 11 12 13 14 15 17
Subgraph ID: 7_6	53 54 55 56 57 58 59
Subgraph ID: 6_5	11 12 13 15 16 17
Subgraph ID: 6_5	11 12 13 14 15 17
Subgraph ID: 6_5	10 11 12 13 15 17
Subgraph ID: 6_4	53 54 55 56 57 58
Subgraph ID: 5_3	11 12 13 15 17
Subgraph ID: 5_2	38 39 40 41 42
Subgraph ID: 5_1	66 67 68 69 70
Subgraph ID: 4_2	38 39 40 42
Subgraph ID: 4_1	67 68 69 70
Subgraph ID: 4_1	66 67 68 69
Subgraph ID: 3_1	68 69 70
Subgraph ID: 3_1	67 68 69
Subgraph ID: 3_1	66 67 68
Subgraph ID: 3_1	60 61 62
Subgraph ID: 3_1	6 7 8
Subgraph ID: 3_1	43 44 45
Subgraph ID: 3_1	31 32 33
Subgraph ID: 3_1	18 19 20
Subgraph ID: 2_1	7 8
Subgraph ID: 2_1	69 70
Subgraph ID: 2_1	68 69
Subgraph ID: 2_1	67 68
Subgraph ID: 2_1	66 67
Subgraph ID: 2_1	64 65
Subgraph ID: 2_1	61 62
Subgraph ID: 2_1	60 61
Subgraph ID: 2_1	6 7
Subgraph ID: 2_1	58 59
Subgraph ID: 2_1	48 49
Subgraph ID: 2_1	46 47
Subgraph ID: 2_1	44 45
Subgraph ID: 2_1	43 44
Subgraph ID: 2_1	40 41
Subgraph ID: 2_1	36 37
Subgraph ID: 2_1	32 33
Subgraph ID: 2_1	31 32
Subgraph ID: 2_1	29 30
Subgraph ID: 2_1	27 28
Subgraph ID: 2_1	25 26
Subgraph ID: 2_1	21 22
Subgraph ID: 2_1	19 20
Subgraph ID: 2_1	18 19
Subgraph ID: 2_1	15 16
Subgraph ID: 2_1	13 14
Subgraph ID: 2_1	10 11
