Subgraph ID: 13_999	54 55 56 57 59 60 61 62 63 64 65 66 73
Subgraph ID: 13_991	54 55 56 57 58 59 60 61 63 64 65 66 73
Subgraph ID: 13_991	54 55 56 57 58 59 60 61 62 63 64 65 73
Subgraph ID: 13_918	76 77 78 79 80 81 82 84 85 86 87 92 93
Subgraph ID: 13_874	0 54 55 56 57 58 59 60 63 64 65 73 74
Subgraph ID: 13_874	0 54 55 56 57 58 59 60 61 63 64 73 74
Subgraph ID: 13_850	55 56 57 58 59 60 61 62 63 64 65 66 67
Subgraph ID: 13_746	0 54 55 56 57 59 60 61 63 64 65 73 74
Subgraph ID: 13_711	54 55 56 57 59 60 61 63 64 65 66 67 73
Subgraph ID: 13_622	54 55 56 57 58 59 60 63 64 65 66 67 73
Subgraph ID: 13_608	0 54 55 56 57 59 60 63 64 65 66 73 74
Subgraph ID: 13_608	0 54 55 56 57 59 60 61 62 63 64 73 74
Subgraph ID: 13_360	77 80 81 82 83 84 85 86 87 88 89 92 93
Subgraph ID: 13_159	77 80 81 82 84 85 86 87 88 89 90 92 93
Subgraph ID: 13_1292	96 97 98 99 101 102 103 104 105 106 107 108 109
Subgraph ID: 13_1257	96 97 98 99 100 101 102 103 104 105 106 108 109
Subgraph ID: 13_1144	76 77 78 79 80 81 82 83 84 85 86 92 93
Subgraph ID: 13_1144	75 76 77 78 79 80 81 82 83 84 85 92 93
Subgraph ID: 13_1007	75 76 77 78 79 80 81 82 84 85 86 92 93
Subgraph ID: 12_544	96 97 98 99 101 102 103 104 105 106 108 109
Subgraph ID: 12_544	96 97 98 101 102 103 104 105 106 107 108 109
Subgraph ID: 12_499	76 77 78 79 80 81 82 83 84 85 92 93
Subgraph ID: 12_445	55 56 57 58 59 60 61 62 63 64 65 66
Subgraph ID: 12_441	54 55 56 57 58 59 60 61 63 64 65 73
Subgraph ID: 12_437	76 77 78 79 80 81 82 84 85 86 92 93
Subgraph ID: 12_437	75 76 77 78 79 80 81 82 84 85 92 93
Subgraph ID: 12_379	54 55 56 57 59 60 61 63 64 65 66 73
Subgraph ID: 12_379	54 55 56 57 59 60 61 62 63 64 65 73
Subgraph ID: 12_374	0 54 55 56 57 58 59 60 63 64 73 74
Subgraph ID: 12_358	54 55 56 57 58 59 60 63 64 65 66 73
Subgraph ID: 12_358	54 55 56 57 58 59 60 61 62 63 64 73
Subgraph ID: 12_316	55 56 57 59 60 61 62 63 64 65 66 67
Subgraph ID: 12_286	55 56 57 58 59 60 61 63 64 65 66 67
Subgraph ID: 12_285	0 54 55 56 57 59 60 63 64 65 73 74
Subgraph ID: 12_285	0 54 55 56 57 59 60 61 63 64 73 74
Subgraph ID: 12_254	77 80 81 82 83 84 85 86 87 88 92 93
Subgraph ID: 12_212	54 55 56 57 59 60 63 64 65 66 67 73
Subgraph ID: 12_134	77 80 81 82 84 85 86 87 88 89 92 93
Subgraph ID: 11_82	55 56 57 58 59 60 63 64 65 66 67
Subgraph ID: 11_229	96 97 98 101 102 103 104 105 106 108 109
Subgraph ID: 11_192	76 77 78 79 80 81 82 84 85 92 93
Subgraph ID: 11_179	55 56 57 59 60 61 62 63 64 65 66
Subgraph ID: 11_174	54 55 56 57 58 59 60 63 64 65 73
Subgraph ID: 11_174	54 55 56 57 58 59 60 61 63 64 73
Subgraph ID: 11_164	54 55 56 57 59 60 61 63 64 65 73
Subgraph ID: 11_163	55 56 57 58 59 60 61 63 64 65 66
Subgraph ID: 11_163	55 56 57 58 59 60 61 62 63 64 65
Subgraph ID: 11_153	77 80 81 82 83 84 85 86 87 92 93
Subgraph ID: 11_125	54 55 56 57 59 60 63 64 65 66 73
Subgraph ID: 11_125	54 55 56 57 59 60 61 62 63 64 73
Subgraph ID: 11_123	0 54 55 56 57 59 60 63 64 73 74
Subgraph ID: 11_114	55 56 57 59 60 61 63 64 65 66 67
Subgraph ID: 11_101	77 80 81 82 84 85 86 87 88 92 93
Subgraph ID: 10_82	54 55 56 57 58 59 60 63 64 73
Subgraph ID: 10_81	77 80 81 82 83 84 85 86 92 93
Subgraph ID: 10_79	55 56 57 58 59 60 61 63 64 65
Subgraph ID: 10_77	55 56 57 59 60 61 63 64 65 66
Subgraph ID: 10_77	55 56 57 59 60 61 62 63 64 65
Subgraph ID: 10_68	77 80 81 82 84 85 86 87 92 93
Subgraph ID: 10_66	54 55 56 57 59 60 63 64 65 73
Subgraph ID: 10_66	54 55 56 57 59 60 61 63 64 73
Subgraph ID: 10_55	55 56 57 58 59 60 63 64 65 66
Subgraph ID: 10_55	55 56 57 58 59 60 61 62 63 64
Subgraph ID: 10_35	55 56 57 59 60 63 64 65 66 67
Subgraph ID: 9_39	55 56 57 59 60 61 63 64 65
Subgraph ID: 9_38	77 80 81 82 84 85 86 92 93
Subgraph ID: 9_38	77 80 81 82 83 84 85 92 93
Subgraph ID: 9_31	55 56 57 58 59 60 63 64 65
Subgraph ID: 9_31	55 56 57 58 59 60 61 63 64
Subgraph ID: 9_29	54 55 56 57 59 60 63 64 73
Subgraph ID: 9_27	55 56 57 59 60 63 64 65 66
Subgraph ID: 9_27	55 56 57 59 60 61 62 63 64
Subgraph ID: 9_13	64 65 66 67 68 69 70 71 72
Subgraph ID: 9_13	119 120 121 122 123 124 125 126 127
Subgraph ID: 8_6	64 65 66 67 68 69 70 72
Subgraph ID: 8_6	119 120 121 122 123 124 125 126
Subgraph ID: 8_18	77 80 81 82 84 85 92 93
Subgraph ID: 8_17	55 56 57 59 60 63 64 65
Subgraph ID: 8_17	55 56 57 59 60 61 63 64
Subgraph ID: 8_15	55 56 57 58 59 60 63 64
Subgraph ID: 8_12	65 66 67 68 69 70 71 72
Subgraph ID: 8_12	119 120 121 122 123 124 126 127
Subgraph ID: 7_9	55 56 57 59 60 63 64
Subgraph ID: 7_9	3 14 15 16 17 18 19
Subgraph ID: 7_7	66 67 68 69 70 71 72
Subgraph ID: 7_7	119 120 121 122 123 126 127
Subgraph ID: 7_6	24 29 30 31 32 33 34
Subgraph ID: 7_5	65 66 67 68 69 70 72
Subgraph ID: 7_5	119 120 121 122 123 124 126
Subgraph ID: 7_1	85 86 87 88 89 90 91
Subgraph ID: 7_1	43 44 45 46 47 48 49
Subgraph ID: 6_5	67 68 69 70 71 72
Subgraph ID: 6_5	66 67 68 69 70 72
Subgraph ID: 6_5	119 120 121 122 126 127
Subgraph ID: 6_5	119 120 121 122 123 126
Subgraph ID: 6_4	24 29 30 31 33 34
Subgraph ID: 6_1	86 87 88 89 90 91
Subgraph ID: 6_1	85 86 87 88 89 90
Subgraph ID: 6_1	44 45 46 47 48 49
Subgraph ID: 6_1	43 44 45 46 47 48
Subgraph ID: 5_3	67 68 69 70 72
Subgraph ID: 5_3	119 120 121 122 126
Subgraph ID: 5_2	113 114 115 116 117
Subgraph ID: 5_1	87 88 89 90 91
Subgraph ID: 5_1	86 87 88 89 90
Subgraph ID: 5_1	85 86 87 88 89
Subgraph ID: 5_1	45 46 47 48 49
Subgraph ID: 5_1	44 45 46 47 48
Subgraph ID: 5_1	43 44 45 46 47
Subgraph ID: 4_2	37 38 39 40
Subgraph ID: 4_2	113 114 115 117
Subgraph ID: 4_1	88 89 90 91
Subgraph ID: 4_1	87 88 89 90
Subgraph ID: 4_1	86 87 88 89
Subgraph ID: 4_1	85 86 87 88
Subgraph ID: 4_1	64 65 66 67
Subgraph ID: 4_1	46 47 48 49
Subgraph ID: 4_1	45 46 47 48
Subgraph ID: 4_1	44 45 46 47
Subgraph ID: 4_1	43 44 45 46
Subgraph ID: 4_1	122 123 124 125
Subgraph ID: 3_1	98 99 100
Subgraph ID: 3_1	89 90 91
Subgraph ID: 3_1	88 89 90
Subgraph ID: 3_1	87 88 89
Subgraph ID: 3_1	86 87 88
Subgraph ID: 3_1	85 86 87
Subgraph ID: 3_1	65 66 67
Subgraph ID: 3_1	64 65 66
Subgraph ID: 3_1	60 61 62
Subgraph ID: 3_1	47 48 49
Subgraph ID: 3_1	46 47 48
Subgraph ID: 3_1	45 46 47
Subgraph ID: 3_1	44 45 46
Subgraph ID: 3_1	43 44 45
Subgraph ID: 3_1	123 124 125
Subgraph ID: 3_1	122 123 124
Subgraph ID: 3_1	110 111 112
Subgraph ID: 2_1	99 100
Subgraph ID: 2_1	98 99
Subgraph ID: 2_1	90 91
Subgraph ID: 2_1	89 90
Subgraph ID: 2_1	88 89
Subgraph ID: 2_1	87 88
Subgraph ID: 2_1	86 87
Subgraph ID: 2_1	85 86
Subgraph ID: 2_1	82 83
Subgraph ID: 2_1	75 76
Subgraph ID: 2_1	70 71
Subgraph ID: 2_1	66 67
Subgraph ID: 2_1	65 66
Subgraph ID: 2_1	64 65
Subgraph ID: 2_1	61 62
Subgraph ID: 2_1	60 61
Subgraph ID: 2_1	6 7
Subgraph ID: 2_1	57 58
Subgraph ID: 2_1	51 52
Subgraph ID: 2_1	48 49
Subgraph ID: 2_1	47 48
Subgraph ID: 2_1	46 47
Subgraph ID: 2_1	45 46
Subgraph ID: 2_1	44 45
Subgraph ID: 2_1	43 44
Subgraph ID: 2_1	31 32
Subgraph ID: 2_1	22 23
Subgraph ID: 2_1	126 127
Subgraph ID: 2_1	124 125
Subgraph ID: 2_1	123 124
Subgraph ID: 2_1	122 123
Subgraph ID: 2_1	12 13
Subgraph ID: 2_1	115 116
Subgraph ID: 2_1	111 112
Subgraph ID: 2_1	110 111
Subgraph ID: 2_1	106 107
