Subgraph ID: 13_999	60 61 62 63 65 66 67 68 69 70 71 72 76
Subgraph ID: 13_991	60 61 62 63 64 65 66 67 69 70 71 72 76
Subgraph ID: 13_991	60 61 62 63 64 65 66 67 68 69 70 71 76
Subgraph ID: 13_969	95 96 97 98 99 100 101 102 103 104 106 108 109
Subgraph ID: 13_920	78 79 80 81 83 84 85 86 87 88 89 90 91
Subgraph ID: 13_874	58 60 61 62 63 64 65 66 69 70 71 76 77
Subgraph ID: 13_874	58 60 61 62 63 64 65 66 67 69 70 76 77
Subgraph ID: 13_850	61 62 63 64 65 66 67 68 69 70 71 72 73
Subgraph ID: 13_762	78 79 80 81 82 83 84 85 87 88 89 90 91
Subgraph ID: 13_746	58 60 61 62 63 65 66 67 69 70 71 76 77
Subgraph ID: 13_711	60 61 62 63 65 66 67 69 70 71 72 73 76
Subgraph ID: 13_622	60 61 62 63 64 65 66 69 70 71 72 73 76
Subgraph ID: 13_609	58 60 61 62 63 65 66 69 70 71 72 76 77
Subgraph ID: 13_609	58 60 61 62 63 65 66 67 68 69 70 76 77
Subgraph ID: 13_461	61 62 63 65 66 67 68 69 70 71 72 73 74
Subgraph ID: 13_423	61 62 63 64 65 66 67 69 70 71 72 73 74
Subgraph ID: 13_306	60 61 62 63 65 66 69 70 71 72 73 74 76
Subgraph ID: 13_190	61 62 63 65 66 67 69 70 71 72 73 74 75
Subgraph ID: 13_140	61 62 63 64 65 66 69 70 71 72 73 74 75
Subgraph ID: 13_1161	95 96 97 98 99 100 102 103 104 106 107 108 109
Subgraph ID: 13_1161	95 96 97 98 99 100 102 103 104 105 106 108 109
Subgraph ID: 13_1086	78 79 80 81 82 83 84 85 86 87 88 89 91
Subgraph ID: 12_49	61 62 63 65 66 69 70 71 72 73 74 75
Subgraph ID: 12_469	78 79 80 81 82 83 84 85 86 87 88 91
Subgraph ID: 12_467	95 96 97 98 99 100 102 103 104 106 108 109
Subgraph ID: 12_462	78 79 80 81 83 84 85 86 87 88 89 91
Subgraph ID: 12_445	61 62 63 64 65 66 67 68 69 70 71 72
Subgraph ID: 12_441	60 61 62 63 64 65 66 67 69 70 71 76
Subgraph ID: 12_397	78 79 80 81 82 83 84 85 87 88 89 91
Subgraph ID: 12_379	60 61 62 63 65 66 67 69 70 71 72 76
Subgraph ID: 12_379	60 61 62 63 65 66 67 68 69 70 71 76
Subgraph ID: 12_374	58 60 61 62 63 64 65 66 69 70 76 77
Subgraph ID: 12_358	60 61 62 63 64 65 66 69 70 71 72 76
Subgraph ID: 12_358	60 61 62 63 64 65 66 67 68 69 70 76
Subgraph ID: 12_317	78 79 80 81 83 84 85 87 88 89 90 91
Subgraph ID: 12_316	61 62 63 65 66 67 68 69 70 71 72 73
Subgraph ID: 12_286	61 62 63 64 65 66 67 69 70 71 72 73
Subgraph ID: 12_285	58 60 61 62 63 65 66 69 70 71 76 77
Subgraph ID: 12_285	58 60 61 62 63 65 66 67 69 70 76 77
Subgraph ID: 12_262	93 94 95 110 111 112 113 114 115 116 117 118
Subgraph ID: 12_213	60 61 62 63 65 66 69 70 71 72 73 76
Subgraph ID: 12_152	61 62 63 65 66 67 69 70 71 72 73 74
Subgraph ID: 12_114	61 62 63 64 65 66 69 70 71 72 73 74
Subgraph ID: 11_82	61 62 63 64 65 66 69 70 71 72 73
Subgraph ID: 11_42	61 62 63 65 66 69 70 71 72 73 74
Subgraph ID: 11_230	95 96 97 102 103 104 105 106 107 108 109
Subgraph ID: 11_209	78 79 80 81 83 84 85 86 87 88 91
Subgraph ID: 11_182	78 79 80 81 82 83 84 85 87 88 91
Subgraph ID: 11_179	61 62 63 65 66 67 68 69 70 71 72
Subgraph ID: 11_174	60 61 62 63 64 65 66 69 70 71 76
Subgraph ID: 11_174	60 61 62 63 64 65 66 67 69 70 76
Subgraph ID: 11_169	78 79 80 81 83 84 85 87 88 89 91
Subgraph ID: 11_164	60 61 62 63 65 66 67 69 70 71 76
Subgraph ID: 11_163	61 62 63 64 65 66 67 69 70 71 72
Subgraph ID: 11_163	61 62 63 64 65 66 67 68 69 70 71
Subgraph ID: 11_135	93 94 95 110 111 112 113 114 115 117 118
Subgraph ID: 11_125	60 61 62 63 65 66 69 70 71 72 76
Subgraph ID: 11_125	60 61 62 63 65 66 67 68 69 70 76
Subgraph ID: 11_123	58 60 61 62 63 65 66 69 70 76 77
Subgraph ID: 11_115	93 94 95 110 111 113 114 115 116 117 118
Subgraph ID: 11_114	61 62 63 65 66 67 69 70 71 72 73
Subgraph ID: 10_85	78 79 80 81 83 84 85 87 88 91
Subgraph ID: 10_82	60 61 62 63 64 65 66 69 70 76
Subgraph ID: 10_79	61 62 63 64 65 66 67 69 70 71
Subgraph ID: 10_77	61 62 63 65 66 67 69 70 71 72
Subgraph ID: 10_77	61 62 63 65 66 67 68 69 70 71
Subgraph ID: 10_66	60 61 62 63 65 66 69 70 71 76
Subgraph ID: 10_66	60 61 62 63 65 66 67 69 70 76
Subgraph ID: 10_61	93 94 95 110 111 113 114 115 117 118
Subgraph ID: 10_55	61 62 63 64 65 66 69 70 71 72
Subgraph ID: 10_55	61 62 63 64 65 66 67 68 69 70
Subgraph ID: 10_48	79 83 84 85 86 87 88 89 90 91
Subgraph ID: 10_46	93 94 95 110 113 114 115 116 117 118
Subgraph ID: 10_35	61 62 63 65 66 69 70 71 72 73
Subgraph ID: 10_105	95 96 97 102 103 104 106 107 108 109
Subgraph ID: 10_105	95 96 97 102 103 104 105 106 108 109
Subgraph ID: 9_47	95 96 97 102 103 104 106 108 109
Subgraph ID: 9_39	61 62 63 65 66 67 69 70 71
Subgraph ID: 9_31	79 83 84 85 86 87 88 89 91
Subgraph ID: 9_31	61 62 63 64 65 66 69 70 71
Subgraph ID: 9_31	61 62 63 64 65 66 67 69 70
Subgraph ID: 9_29	60 61 62 63 65 66 69 70 76
Subgraph ID: 9_27	61 62 63 65 66 69 70 71 72
Subgraph ID: 9_27	61 62 63 65 66 67 68 69 70
Subgraph ID: 9_25	93 94 95 110 113 114 115 117 118
Subgraph ID: 9_21	79 83 84 85 87 88 89 90 91
Subgraph ID: 9_13	119 120 121 122 123 124 125 126 127
Subgraph ID: 8_6	119 120 121 122 123 124 125 126
Subgraph ID: 8_17	79 83 84 85 86 87 88 91
Subgraph ID: 8_17	61 62 63 65 66 69 70 71
Subgraph ID: 8_17	61 62 63 65 66 67 69 70
Subgraph ID: 8_15	79 83 84 85 87 88 89 91
Subgraph ID: 8_15	61 62 63 64 65 66 69 70
Subgraph ID: 8_14	93 94 95 110 111 112 113 118
Subgraph ID: 8_12	119 120 121 122 123 124 126 127
Subgraph ID: 7_9	79 83 84 85 87 88 91
Subgraph ID: 7_9	61 62 63 65 66 69 70
Subgraph ID: 7_7	119 120 121 122 123 126 127
Subgraph ID: 7_6	35 36 37 38 39 40 41
Subgraph ID: 7_5	119 120 121 122 123 124 126
Subgraph ID: 7_10	93 94 95 110 111 113 118
Subgraph ID: 6_6	93 94 95 110 113 118
Subgraph ID: 6_5	119 120 121 122 126 127
Subgraph ID: 6_5	119 120 121 122 123 126
Subgraph ID: 6_4	35 36 37 38 40 41
Subgraph ID: 6_4	1 2 3 4 26 27
Subgraph ID: 6_2	18 19 20 21 22 23
Subgraph ID: 6_1	70 71 72 73 74 75
Subgraph ID: 5_3	119 120 121 122 126
Subgraph ID: 5_2	97 98 99 100 101
Subgraph ID: 5_2	19 20 21 22 23
Subgraph ID: 5_2	113 114 115 116 117
Subgraph ID: 5_1	71 72 73 74 75
Subgraph ID: 5_1	70 71 72 73 74
Subgraph ID: 5_1	50 51 52 53 54
Subgraph ID: 4_2	97 98 99 100
Subgraph ID: 4_2	20 21 22 23
Subgraph ID: 4_2	113 114 115 117
Subgraph ID: 4_1	72 73 74 75
Subgraph ID: 4_1	71 72 73 74
Subgraph ID: 4_1	70 71 72 73
Subgraph ID: 4_1	51 52 53 54
Subgraph ID: 4_1	50 51 52 53
Subgraph ID: 4_1	44 45 46 47
Subgraph ID: 4_1	122 123 124 125
Subgraph ID: 3_1	88 89 90
Subgraph ID: 3_1	73 74 75
Subgraph ID: 3_1	72 73 74
Subgraph ID: 3_1	71 72 73
Subgraph ID: 3_1	70 71 72
Subgraph ID: 3_1	66 67 68
Subgraph ID: 3_1	6 7 8
Subgraph ID: 3_1	52 53 54
Subgraph ID: 3_1	51 52 53
Subgraph ID: 3_1	50 51 52
Subgraph ID: 3_1	45 46 47
Subgraph ID: 3_1	44 45 46
Subgraph ID: 3_1	18 19 20
Subgraph ID: 3_1	130 131 132
Subgraph ID: 3_1	123 124 125
Subgraph ID: 3_1	122 123 124
Subgraph ID: 3_1	110 111 112
Subgraph ID: 2_1	89 90
Subgraph ID: 2_1	88 89
Subgraph ID: 2_1	85 86
Subgraph ID: 2_1	81 82
Subgraph ID: 2_1	74 75
Subgraph ID: 2_1	73 74
Subgraph ID: 2_1	72 73
Subgraph ID: 2_1	71 72
Subgraph ID: 2_1	70 71
Subgraph ID: 2_1	7 8
Subgraph ID: 2_1	67 68
Subgraph ID: 2_1	66 67
Subgraph ID: 2_1	63 64
Subgraph ID: 2_1	6 7
Subgraph ID: 2_1	56 57
Subgraph ID: 2_1	53 54
Subgraph ID: 2_1	52 53
Subgraph ID: 2_1	51 52
Subgraph ID: 2_1	50 51
Subgraph ID: 2_1	46 47
Subgraph ID: 2_1	45 46
Subgraph ID: 2_1	44 45
Subgraph ID: 2_1	38 39
Subgraph ID: 2_1	28 29
Subgraph ID: 2_1	19 20
Subgraph ID: 2_1	18 19
Subgraph ID: 2_1	14 15
Subgraph ID: 2_1	131 132
Subgraph ID: 2_1	130 131
Subgraph ID: 2_1	126 127
Subgraph ID: 2_1	124 125
Subgraph ID: 2_1	123 124
Subgraph ID: 2_1	122 123
Subgraph ID: 2_1	115 116
Subgraph ID: 2_1	111 112
Subgraph ID: 2_1	110 111
Subgraph ID: 2_1	106 107
Subgraph ID: 2_1	104 105
Subgraph ID: 2_1	100 101
