Subgraph ID: 13_999	63 64 65 66 68 69 70 71 72 73 74 75 77
Subgraph ID: 13_991	63 64 65 66 67 68 69 70 72 73 74 75 77
Subgraph ID: 13_991	63 64 65 66 67 68 69 70 71 72 73 74 77
Subgraph ID: 13_920	79 80 81 82 84 85 86 87 88 89 90 91 94
Subgraph ID: 13_874	61 63 64 65 66 67 68 69 72 73 74 77 78
Subgraph ID: 13_874	61 63 64 65 66 67 68 69 70 72 73 77 78
Subgraph ID: 13_850	64 65 66 67 68 69 70 71 72 73 74 75 76
Subgraph ID: 13_792	96 97 98 99 115 116 117 118 119 120 121 122 123
Subgraph ID: 13_762	79 80 81 82 83 84 85 86 88 89 90 91 94
Subgraph ID: 13_746	61 63 64 65 66 68 69 70 72 73 74 77 78
Subgraph ID: 13_711	63 64 65 66 68 69 70 72 73 74 75 76 77
Subgraph ID: 13_622	63 64 65 66 67 68 69 72 73 74 75 76 77
Subgraph ID: 13_609	61 63 64 65 66 68 69 72 73 74 75 77 78
Subgraph ID: 13_609	61 63 64 65 66 68 69 70 71 72 73 77 78
Subgraph ID: 13_508	79 80 81 82 84 85 86 88 89 90 91 92 94
Subgraph ID: 13_1086	79 80 81 82 83 84 85 86 87 88 89 90 94
Subgraph ID: 12_87	80 84 85 86 87 88 89 90 91 92 93 94
Subgraph ID: 12_544	99 100 101 106 107 108 109 110 111 112 113 114
Subgraph ID: 12_469	79 80 81 82 83 84 85 86 87 88 89 94
Subgraph ID: 12_462	79 80 81 82 84 85 86 87 88 89 90 94
Subgraph ID: 12_445	64 65 66 67 68 69 70 71 72 73 74 75
Subgraph ID: 12_441	63 64 65 66 67 68 69 70 72 73 74 77
Subgraph ID: 12_397	79 80 81 82 83 84 85 86 88 89 90 94
Subgraph ID: 12_395	96 97 98 99 115 116 117 118 119 120 122 123
Subgraph ID: 12_379	63 64 65 66 68 69 70 72 73 74 75 77
Subgraph ID: 12_379	63 64 65 66 68 69 70 71 72 73 74 77
Subgraph ID: 12_374	61 63 64 65 66 67 68 69 72 73 77 78
Subgraph ID: 12_358	63 64 65 66 67 68 69 72 73 74 75 77
Subgraph ID: 12_358	63 64 65 66 67 68 69 70 71 72 73 77
Subgraph ID: 12_327	96 97 98 99 115 116 118 119 120 121 122 123
Subgraph ID: 12_317	79 80 81 82 84 85 86 88 89 90 91 94
Subgraph ID: 12_316	64 65 66 68 69 70 71 72 73 74 75 76
Subgraph ID: 12_286	64 65 66 67 68 69 70 72 73 74 75 76
Subgraph ID: 12_285	61 63 64 65 66 68 69 72 73 74 77 78
Subgraph ID: 12_285	61 63 64 65 66 68 69 70 72 73 77 78
Subgraph ID: 12_262	97 98 99 115 116 117 118 119 120 121 122 123
Subgraph ID: 12_213	63 64 65 66 68 69 72 73 74 75 76 77
Subgraph ID: 11_82	64 65 66 67 68 69 72 73 74 75 76
Subgraph ID: 11_68	80 84 85 86 87 88 89 90 91 92 94
Subgraph ID: 11_29	80 84 85 86 88 89 90 91 92 93 94
Subgraph ID: 11_229	99 100 101 106 107 108 109 110 111 113 114
Subgraph ID: 11_209	79 80 81 82 84 85 86 87 88 89 94
Subgraph ID: 11_182	79 80 81 82 83 84 85 86 88 89 94
Subgraph ID: 11_179	64 65 66 68 69 70 71 72 73 74 75
Subgraph ID: 11_174	63 64 65 66 67 68 69 72 73 74 77
Subgraph ID: 11_174	63 64 65 66 67 68 69 70 72 73 77
Subgraph ID: 11_169	79 80 81 82 84 85 86 88 89 90 94
Subgraph ID: 11_164	63 64 65 66 68 69 70 72 73 74 77
Subgraph ID: 11_163	64 65 66 67 68 69 70 72 73 74 75
Subgraph ID: 11_163	64 65 66 67 68 69 70 71 72 73 74
Subgraph ID: 11_161	96 97 98 99 115 116 118 119 120 122 123
Subgraph ID: 11_135	97 98 99 115 116 117 118 119 120 122 123
Subgraph ID: 11_125	63 64 65 66 68 69 72 73 74 75 77
Subgraph ID: 11_125	63 64 65 66 68 69 70 71 72 73 77
Subgraph ID: 11_123	61 63 64 65 66 68 69 72 73 77 78
Subgraph ID: 11_115	97 98 99 115 116 118 119 120 121 122 123
Subgraph ID: 11_115	96 97 98 99 115 118 119 120 121 122 123
Subgraph ID: 11_114	64 65 66 68 69 70 72 73 74 75 76
Subgraph ID: 10_85	79 80 81 82 84 85 86 88 89 94
Subgraph ID: 10_82	63 64 65 66 67 68 69 72 73 77
Subgraph ID: 10_79	64 65 66 67 68 69 70 72 73 74
Subgraph ID: 10_77	64 65 66 68 69 70 72 73 74 75
Subgraph ID: 10_77	64 65 66 68 69 70 71 72 73 74
Subgraph ID: 10_66	63 64 65 66 68 69 72 73 74 77
Subgraph ID: 10_66	63 64 65 66 68 69 70 72 73 77
Subgraph ID: 10_61	97 98 99 115 116 118 119 120 122 123
Subgraph ID: 10_61	96 97 98 99 115 118 119 120 122 123
Subgraph ID: 10_55	64 65 66 67 68 69 72 73 74 75
Subgraph ID: 10_55	64 65 66 67 68 69 70 71 72 73
Subgraph ID: 10_48	80 84 85 86 87 88 89 90 91 94
Subgraph ID: 10_46	97 98 99 115 118 119 120 121 122 123
Subgraph ID: 10_35	64 65 66 68 69 72 73 74 75 76
Subgraph ID: 10_26	80 84 85 86 88 89 90 91 92 94
Subgraph ID: 9_39	64 65 66 68 69 70 72 73 74
Subgraph ID: 9_37	5 6 7 8 9 10 11 12 13
Subgraph ID: 9_32	96 97 98 99 115 116 117 118 123
Subgraph ID: 9_31	80 84 85 86 87 88 89 90 94
Subgraph ID: 9_31	64 65 66 67 68 69 72 73 74
Subgraph ID: 9_31	64 65 66 67 68 69 70 72 73
Subgraph ID: 9_29	63 64 65 66 68 69 72 73 77
Subgraph ID: 9_27	64 65 66 68 69 72 73 74 75
Subgraph ID: 9_27	64 65 66 68 69 70 71 72 73
Subgraph ID: 9_25	97 98 99 115 118 119 120 122 123
Subgraph ID: 9_21	80 84 85 86 88 89 90 91 94
Subgraph ID: 9_13	124 125 126 127 128 129 130 131 132
Subgraph ID: 8_6	124 125 126 127 128 129 130 131
Subgraph ID: 8_21	96 97 98 99 115 116 118 123
Subgraph ID: 8_19	5 6 7 8 9 11 12 13
Subgraph ID: 8_17	80 84 85 86 87 88 89 94
Subgraph ID: 8_17	64 65 66 68 69 72 73 74
Subgraph ID: 8_17	64 65 66 68 69 70 72 73
Subgraph ID: 8_15	80 84 85 86 88 89 90 94
Subgraph ID: 8_15	64 65 66 67 68 69 72 73
Subgraph ID: 8_14	97 98 99 115 116 117 118 123
Subgraph ID: 8_12	124 125 126 127 128 129 131 132
Subgraph ID: 7_9	80 84 85 86 88 89 94
Subgraph ID: 7_9	64 65 66 68 69 72 73
Subgraph ID: 7_7	124 125 126 127 128 131 132
Subgraph ID: 7_6	38 39 40 41 42 43 44
Subgraph ID: 7_5	124 125 126 127 128 129 131
Subgraph ID: 7_10	97 98 99 115 116 118 123
Subgraph ID: 7_10	96 97 98 99 115 118 123
Subgraph ID: 6_6	97 98 99 115 118 123
Subgraph ID: 6_5	124 125 126 127 131 132
Subgraph ID: 6_5	124 125 126 127 128 131
Subgraph ID: 6_4	38 39 40 41 43 44
Subgraph ID: 6_4	1 2 3 4 28 29
Subgraph ID: 6_2	20 21 22 23 24 25
Subgraph ID: 5_3	124 125 126 127 131
Subgraph ID: 5_2	21 22 23 24 25
Subgraph ID: 5_2	118 119 120 121 122
Subgraph ID: 5_2	101 102 103 104 105
Subgraph ID: 5_1	89 90 91 92 93
Subgraph ID: 5_1	53 54 55 56 57
Subgraph ID: 4_2	22 23 24 25
Subgraph ID: 4_2	118 119 120 122
Subgraph ID: 4_2	101 102 103 104
Subgraph ID: 4_1	90 91 92 93
Subgraph ID: 4_1	89 90 91 92
Subgraph ID: 4_1	73 74 75 76
Subgraph ID: 4_1	54 55 56 57
Subgraph ID: 4_1	53 54 55 56
Subgraph ID: 4_1	47 48 49 50
Subgraph ID: 4_1	127 128 129 130
Subgraph ID: 3_1	91 92 93
Subgraph ID: 3_1	90 91 92
Subgraph ID: 3_1	89 90 91
Subgraph ID: 3_1	74 75 76
Subgraph ID: 3_1	73 74 75
Subgraph ID: 3_1	69 70 71
Subgraph ID: 3_1	55 56 57
Subgraph ID: 3_1	54 55 56
Subgraph ID: 3_1	53 54 55
Subgraph ID: 3_1	48 49 50
Subgraph ID: 3_1	47 48 49
Subgraph ID: 3_1	20 21 22
Subgraph ID: 3_1	136 137 138
Subgraph ID: 3_1	128 129 130
Subgraph ID: 3_1	127 128 129
Subgraph ID: 3_1	115 116 117
Subgraph ID: 2_1	96 97
Subgraph ID: 2_1	92 93
Subgraph ID: 2_1	91 92
Subgraph ID: 2_1	90 91
Subgraph ID: 2_1	9 10
Subgraph ID: 2_1	89 90
Subgraph ID: 2_1	86 87
Subgraph ID: 2_1	82 83
Subgraph ID: 2_1	75 76
Subgraph ID: 2_1	74 75
Subgraph ID: 2_1	73 74
Subgraph ID: 2_1	70 71
Subgraph ID: 2_1	69 70
Subgraph ID: 2_1	66 67
Subgraph ID: 2_1	59 60
Subgraph ID: 2_1	56 57
Subgraph ID: 2_1	55 56
Subgraph ID: 2_1	54 55
Subgraph ID: 2_1	53 54
Subgraph ID: 2_1	49 50
Subgraph ID: 2_1	48 49
Subgraph ID: 2_1	47 48
Subgraph ID: 2_1	41 42
Subgraph ID: 2_1	34 35
Subgraph ID: 2_1	30 31
Subgraph ID: 2_1	21 22
Subgraph ID: 2_1	20 21
Subgraph ID: 2_1	16 17
Subgraph ID: 2_1	137 138
Subgraph ID: 2_1	136 137
Subgraph ID: 2_1	131 132
Subgraph ID: 2_1	129 130
Subgraph ID: 2_1	128 129
Subgraph ID: 2_1	127 128
Subgraph ID: 2_1	120 121
Subgraph ID: 2_1	116 117
Subgraph ID: 2_1	115 116
Subgraph ID: 2_1	111 112
Subgraph ID: 2_1	104 105
