Subgraph ID: 13_991	54 55 56 57 58 59 60 61 62 63 64 65 73
Subgraph ID: 13_909	77 78 79 80 83 84 85 86 87 88 89 92 93
Subgraph ID: 13_909	77 78 79 80 81 82 83 84 85 86 87 92 93
Subgraph ID: 13_909	75 76 77 78 79 80 83 84 85 86 87 92 93
Subgraph ID: 13_887	76 77 78 79 80 81 82 83 84 86 87 92 93
Subgraph ID: 13_887	75 76 77 78 79 80 81 83 84 86 87 92 93
Subgraph ID: 13_877	76 77 78 79 80 81 83 84 86 87 88 92 93
Subgraph ID: 13_874	1 54 55 56 57 58 59 60 62 63 64 73 74
Subgraph ID: 13_874	1 54 55 56 57 58 59 60 61 62 63 73 74
Subgraph ID: 13_76	55 56 57 59 60 62 63 64 65 66 67 68 69
Subgraph ID: 13_746	1 54 55 56 57 59 60 61 62 63 64 73 74
Subgraph ID: 13_730	77 78 79 80 81 83 84 86 87 88 89 92 93
Subgraph ID: 13_730	77 78 79 80 81 82 83 84 86 87 88 92 93
Subgraph ID: 13_730	76 77 78 79 80 83 84 86 87 88 89 92 93
Subgraph ID: 13_730	75 76 77 78 79 80 83 84 86 87 88 92 93
Subgraph ID: 13_711	54 55 56 57 59 60 61 62 63 64 65 66 73
Subgraph ID: 13_622	54 55 56 57 58 59 60 62 63 64 65 66 73
Subgraph ID: 13_609	1 54 55 56 57 59 60 62 63 64 65 73 74
Subgraph ID: 13_541	77 78 79 80 83 84 86 87 88 89 90 92 93
Subgraph ID: 13_1240	2 3 4 5 8 9 10 11 12 13 14 18 19
Subgraph ID: 13_1202	98 99 100 105 106 107 108 109 110 111 112 113 114
Subgraph ID: 13_1165	98 99 100 101 105 106 107 108 109 110 111 113 114
Subgraph ID: 13_1149	2 3 4 5 6 8 9 10 11 13 14 18 19
Subgraph ID: 13_1059	76 77 78 79 80 81 83 84 85 86 87 92 93
Subgraph ID: 13_1007	77 78 79 80 81 83 84 85 86 87 88 92 93
Subgraph ID: 13_1007	76 77 78 79 80 83 84 85 86 87 88 92 93
Subgraph ID: 12_497	2 3 4 5 8 9 10 11 13 14 18 19
Subgraph ID: 12_486	98 99 100 105 106 107 108 109 110 111 113 114
Subgraph ID: 12_441	54 55 56 57 58 59 60 61 62 63 64 73
Subgraph ID: 12_432	77 78 79 80 83 84 85 86 87 88 92 93
Subgraph ID: 12_432	77 78 79 80 81 83 84 85 86 87 92 93
Subgraph ID: 12_432	76 77 78 79 80 83 84 85 86 87 92 93
Subgraph ID: 12_391	76 77 78 79 80 81 83 84 86 87 92 93
Subgraph ID: 12_379	54 55 56 57 59 60 61 62 63 64 65 73
Subgraph ID: 12_374	1 54 55 56 57 58 59 60 62 63 73 74
Subgraph ID: 12_358	54 55 56 57 58 59 60 62 63 64 65 73
Subgraph ID: 12_348	77 78 79 80 81 83 84 86 87 88 92 93
Subgraph ID: 12_348	76 77 78 79 80 83 84 86 87 88 92 93
Subgraph ID: 12_314	77 78 79 80 83 84 86 87 88 89 92 93
Subgraph ID: 12_314	77 78 79 80 81 82 83 84 86 87 92 93
Subgraph ID: 12_314	75 76 77 78 79 80 83 84 86 87 92 93
Subgraph ID: 12_286	55 56 57 58 59 60 61 62 63 64 65 66
Subgraph ID: 12_285	1 54 55 56 57 59 60 62 63 64 73 74
Subgraph ID: 12_285	1 54 55 56 57 59 60 61 62 63 73 74
Subgraph ID: 12_255	95 96 97 98 115 116 117 118 119 120 121 122
Subgraph ID: 12_213	54 55 56 57 59 60 62 63 64 65 66 73
Subgraph ID: 12_114	78 83 84 85 86 87 88 89 90 91 92 93
Subgraph ID: 11_82	78 83 84 85 86 87 88 89 90 92 93
Subgraph ID: 11_82	55 56 57 58 59 60 62 63 64 65 66
Subgraph ID: 11_76	96 97 98 115 116 117 118 119 120 121 122
Subgraph ID: 11_42	78 83 84 86 87 88 89 90 91 92 93
Subgraph ID: 11_191	77 78 79 80 83 84 85 86 87 92 93
Subgraph ID: 11_174	54 55 56 57 58 59 60 62 63 64 73
Subgraph ID: 11_174	54 55 56 57 58 59 60 61 62 63 73
Subgraph ID: 11_164	54 55 56 57 59 60 61 62 63 64 73
Subgraph ID: 11_163	55 56 57 58 59 60 61 62 63 64 65
Subgraph ID: 11_154	77 78 79 80 83 84 86 87 88 92 93
Subgraph ID: 11_154	77 78 79 80 81 83 84 86 87 92 93
Subgraph ID: 11_154	76 77 78 79 80 83 84 86 87 92 93
Subgraph ID: 11_134	95 96 97 98 115 116 117 118 119 120 122
Subgraph ID: 11_125	54 55 56 57 59 60 62 63 64 65 73
Subgraph ID: 11_123	1 54 55 56 57 59 60 62 63 73 74
Subgraph ID: 11_114	55 56 57 59 60 61 62 63 64 65 66
Subgraph ID: 11_107	95 96 97 98 115 116 118 119 120 121 122
Subgraph ID: 10_82	54 55 56 57 58 59 60 62 63 73
Subgraph ID: 10_8	63 64 65 66 67 68 69 70 71 72
Subgraph ID: 10_79	55 56 57 58 59 60 61 62 63 64
Subgraph ID: 10_77	55 56 57 59 60 61 62 63 64 65
Subgraph ID: 10_72	77 78 79 80 83 84 86 87 92 93
Subgraph ID: 10_66	54 55 56 57 59 60 62 63 64 73
Subgraph ID: 10_66	54 55 56 57 59 60 61 62 63 73
Subgraph ID: 10_58	95 96 97 98 115 116 118 119 120 122
Subgraph ID: 10_55	78 83 84 85 86 87 88 89 92 93
Subgraph ID: 10_55	55 56 57 58 59 60 62 63 64 65
Subgraph ID: 10_41	96 97 98 115 116 117 118 119 120 122
Subgraph ID: 10_38	96 97 98 115 116 118 119 120 121 122
Subgraph ID: 10_38	95 96 97 98 115 118 119 120 121 122
Subgraph ID: 10_35	78 83 84 86 87 88 89 90 92 93
Subgraph ID: 10_35	55 56 57 59 60 62 63 64 65 66
Subgraph ID: 9_6	64 65 66 67 68 69 70 71 72
Subgraph ID: 9_6	63 64 65 66 67 68 69 70 71
Subgraph ID: 9_39	55 56 57 59 60 61 62 63 64
Subgraph ID: 9_31	78 83 84 85 86 87 88 92 93
Subgraph ID: 9_31	55 56 57 58 59 60 62 63 64
Subgraph ID: 9_31	55 56 57 58 59 60 61 62 63
Subgraph ID: 9_29	54 55 56 57 59 60 62 63 73
Subgraph ID: 9_27	78 83 84 86 87 88 89 92 93
Subgraph ID: 9_27	55 56 57 59 60 62 63 64 65
Subgraph ID: 9_22	96 97 98 115 116 118 119 120 122
Subgraph ID: 9_22	95 96 97 98 115 118 119 120 122
Subgraph ID: 9_17	96 97 98 115 118 119 120 121 122
Subgraph ID: 8_9	96 97 98 115 118 119 120 122
Subgraph ID: 8_6	123 124 125 126 127 128 129 130
Subgraph ID: 8_5	64 65 66 67 68 69 70 71
Subgraph ID: 8_3	65 66 67 68 69 70 71 72
Subgraph ID: 8_3	63 64 65 66 67 68 69 70
Subgraph ID: 8_17	99 107 108 109 110 111 112 113
Subgraph ID: 8_17	78 83 84 86 87 88 92 93
Subgraph ID: 8_17	55 56 57 59 60 62 63 64
Subgraph ID: 8_17	55 56 57 59 60 61 62 63
Subgraph ID: 8_15	78 83 84 85 86 87 92 93
Subgraph ID: 8_15	55 56 57 58 59 60 62 63
Subgraph ID: 8_12	95 96 97 98 115 116 117 118
Subgraph ID: 7_9	99 107 108 109 110 111 113
Subgraph ID: 7_9	78 83 84 86 87 92 93
Subgraph ID: 7_9	55 56 57 59 60 62 63
Subgraph ID: 7_7	95 96 97 98 115 116 118
Subgraph ID: 7_6	30 31 32 33 34 35 36
Subgraph ID: 7_5	96 97 98 115 116 117 118
Subgraph ID: 7_5	123 124 125 126 127 128 130
Subgraph ID: 7_3	65 66 67 68 69 70 71
Subgraph ID: 7_3	64 65 66 67 68 69 70
Subgraph ID: 7_2	66 67 68 69 70 71 72
Subgraph ID: 7_2	63 64 65 66 67 68 69
Subgraph ID: 6_5	96 97 98 115 116 118
Subgraph ID: 6_5	95 96 97 98 115 118
Subgraph ID: 6_5	123 124 125 126 127 130
Subgraph ID: 6_4	30 31 32 33 35 36
Subgraph ID: 6_3	65 66 67 68 69 70
Subgraph ID: 6_2	66 67 68 69 70 71
Subgraph ID: 6_2	64 65 66 67 68 69
Subgraph ID: 5_3	96 97 98 115 118
Subgraph ID: 5_3	123 124 125 126 130
Subgraph ID: 5_2	66 67 68 69 70
Subgraph ID: 5_2	65 66 67 68 69
Subgraph ID: 5_2	118 119 120 121 122
Subgraph ID: 5_2	100 101 102 103 104
Subgraph ID: 5_1	87 88 89 90 91
Subgraph ID: 5_1	45 46 47 48 49
Subgraph ID: 4_2	66 67 68 69
Subgraph ID: 4_2	14 15 16 17
Subgraph ID: 4_2	118 119 120 122
Subgraph ID: 4_2	101 102 103 104
Subgraph ID: 4_1	88 89 90 91
Subgraph ID: 4_1	87 88 89 90
Subgraph ID: 4_1	69 70 71 72
Subgraph ID: 4_1	63 64 65 66
Subgraph ID: 4_1	46 47 48 49
Subgraph ID: 4_1	45 46 47 48
Subgraph ID: 4_1	39 40 41 42
Subgraph ID: 4_1	126 127 128 129
Subgraph ID: 3_1	89 90 91
Subgraph ID: 3_1	88 89 90
Subgraph ID: 3_1	87 88 89
Subgraph ID: 3_1	80 81 82
Subgraph ID: 3_1	75 76 77
Subgraph ID: 3_1	70 71 72
Subgraph ID: 3_1	69 70 71
Subgraph ID: 3_1	64 65 66
Subgraph ID: 3_1	63 64 65
Subgraph ID: 3_1	50 51 52
Subgraph ID: 3_1	5 6 7
Subgraph ID: 3_1	47 48 49
Subgraph ID: 3_1	46 47 48
Subgraph ID: 3_1	45 46 47
Subgraph ID: 3_1	40 41 42
Subgraph ID: 3_1	39 40 41
Subgraph ID: 3_1	132 133 134
Subgraph ID: 3_1	127 128 129
Subgraph ID: 3_1	126 127 128
Subgraph ID: 3_1	115 116 117
Subgraph ID: 2_1	95 96
Subgraph ID: 2_1	90 91
Subgraph ID: 2_1	89 90
Subgraph ID: 2_1	88 89
Subgraph ID: 2_1	87 88
Subgraph ID: 2_1	84 85
Subgraph ID: 2_1	81 82
Subgraph ID: 2_1	80 81
Subgraph ID: 2_1	76 77
Subgraph ID: 2_1	75 76
Subgraph ID: 2_1	71 72
Subgraph ID: 2_1	70 71
Subgraph ID: 2_1	69 70
Subgraph ID: 2_1	65 66
Subgraph ID: 2_1	64 65
Subgraph ID: 2_1	63 64
Subgraph ID: 2_1	60 61
Subgraph ID: 2_1	6 7
Subgraph ID: 2_1	57 58
Subgraph ID: 2_1	51 52
Subgraph ID: 2_1	50 51
Subgraph ID: 2_1	5 6
Subgraph ID: 2_1	48 49
Subgraph ID: 2_1	47 48
Subgraph ID: 2_1	46 47
Subgraph ID: 2_1	45 46
Subgraph ID: 2_1	41 42
Subgraph ID: 2_1	40 41
Subgraph ID: 2_1	39 40
Subgraph ID: 2_1	33 34
Subgraph ID: 2_1	26 27
Subgraph ID: 2_1	22 23
Subgraph ID: 2_1	133 134
Subgraph ID: 2_1	132 133
Subgraph ID: 2_1	128 129
Subgraph ID: 2_1	127 128
Subgraph ID: 2_1	126 127
Subgraph ID: 2_1	120 121
Subgraph ID: 2_1	116 117
Subgraph ID: 2_1	115 116
Subgraph ID: 2_1	111 112
Subgraph ID: 2_1	11 12
Subgraph ID: 2_1	100 101
