Subgraph ID: 13_93	19 20 21 22 23 24 26 27 28 29 30 31 33
Subgraph ID: 13_93	19 20 21 22 23 24 25 26 27 33 34 35 36
Subgraph ID: 13_93	19 20 21 22 23 24 25 26 27 28 29 30 33
Subgraph ID: 13_918	104 105 106 107 109 110 111 113 114 115 116 119 120
Subgraph ID: 13_747	78 79 80 81 82 83 84 85 86 87 89 90 102
Subgraph ID: 13_674	19 20 21 22 26 27 28 29 30 33 34 35 36
Subgraph ID: 13_618	19 20 21 22 23 26 27 28 29 33 34 35 36
Subgraph ID: 13_618	19 20 21 22 23 26 27 28 29 30 33 34 35
Subgraph ID: 13_614	78 79 80 81 83 84 89 90 91 92 93 94 102
Subgraph ID: 13_60	19 20 21 22 23 26 27 28 29 30 31 32 33
Subgraph ID: 13_592	79 80 81 82 83 84 89 90 91 92 93 94 95
Subgraph ID: 13_523	78 79 80 81 83 84 85 86 87 88 89 90 102
Subgraph ID: 13_449	19 20 21 22 23 24 26 27 28 29 33 34 35
Subgraph ID: 13_391	19 20 21 22 26 27 28 29 30 31 33 34 35
Subgraph ID: 13_360	105 109 110 111 112 113 114 115 116 117 118 119 120
Subgraph ID: 13_295	19 20 21 22 23 24 26 27 28 33 34 35 36
Subgraph ID: 13_295	19 20 21 22 23 24 26 27 28 29 30 33 34
Subgraph ID: 13_289	19 20 21 26 27 28 29 30 31 33 34 35 36
Subgraph ID: 13_255	19 20 21 22 23 26 27 28 29 30 31 33 34
Subgraph ID: 13_200	19 20 21 22 23 24 25 26 27 28 33 34 35
Subgraph ID: 13_200	19 20 21 22 23 24 25 26 27 28 29 33 34
Subgraph ID: 13_151	19 20 21 26 27 28 29 30 31 32 33 34 35
Subgraph ID: 13_1292	125 126 127 133 134 135 136 137 138 139 140 141 142
Subgraph ID: 13_129	19 20 21 22 26 27 28 29 30 31 32 33 34
Subgraph ID: 13_1144	104 105 106 107 109 110 111 112 113 114 115 119 120
Subgraph ID: 13_1144	104 105 106 107 108 109 110 111 112 113 114 119 120
Subgraph ID: 13_1007	104 105 106 107 108 109 110 111 113 114 115 119 120
Subgraph ID: 12_76	19 20 21 22 23 24 25 26 27 28 33 34
Subgraph ID: 12_67	19 20 21 22 23 24 26 27 33 34 35 36
Subgraph ID: 12_67	19 20 21 22 23 24 26 27 28 29 30 33
Subgraph ID: 12_544	125 126 127 133 134 135 136 137 138 140 141 142
Subgraph ID: 12_544	125 126 127 133 134 135 136 137 138 139 140 141
Subgraph ID: 12_52	19 20 21 22 23 26 27 28 29 30 31 33
Subgraph ID: 12_52	19 20 21 22 23 24 25 26 27 33 34 35
Subgraph ID: 12_52	19 20 21 22 23 24 25 26 27 28 29 33
Subgraph ID: 12_499	104 105 106 107 109 110 111 112 113 114 119 120
Subgraph ID: 12_45	19 20 21 26 27 28 29 30 31 32 33 34
Subgraph ID: 12_437	104 105 106 107 109 110 111 113 114 115 119 120
Subgraph ID: 12_437	104 105 106 107 108 109 110 111 113 114 119 120
Subgraph ID: 12_374	18 78 79 80 81 82 83 84 89 90 102 103
Subgraph ID: 12_282	19 20 21 22 23 26 27 28 29 33 34 35
Subgraph ID: 12_275	19 20 21 22 26 27 28 29 33 34 35 36
Subgraph ID: 12_275	19 20 21 22 26 27 28 29 30 33 34 35
Subgraph ID: 12_27	19 20 21 22 26 27 28 29 30 31 32 33
Subgraph ID: 12_268	78 79 80 81 83 84 85 86 87 89 90 102
Subgraph ID: 12_265	79 80 81 82 83 84 89 90 91 92 93 94
Subgraph ID: 12_260	79 80 81 83 84 89 90 91 92 93 94 95
Subgraph ID: 12_254	105 109 110 111 112 113 114 115 116 117 119 120
Subgraph ID: 12_222	79 80 81 82 83 84 85 86 87 88 89 90
Subgraph ID: 12_196	19 20 21 26 27 28 29 30 33 34 35 36
Subgraph ID: 12_173	19 20 21 22 23 26 27 28 33 34 35 36
Subgraph ID: 12_173	19 20 21 22 23 26 27 28 29 30 33 34
Subgraph ID: 12_148	19 20 21 22 23 24 26 27 28 33 34 35
Subgraph ID: 12_148	19 20 21 22 23 24 26 27 28 29 33 34
Subgraph ID: 12_134	105 109 110 111 113 114 115 116 117 118 119 120
Subgraph ID: 12_124	19 20 21 26 27 28 29 30 31 33 34 35
Subgraph ID: 12_116	90 91 92 93 94 95 96 97 98 99 100 101
Subgraph ID: 12_110	19 20 21 22 26 27 28 29 30 31 33 34
Subgraph ID: 11_93	79 80 81 83 84 85 86 87 88 89 90
Subgraph ID: 11_92	19 20 21 26 27 28 29 33 34 35 36
Subgraph ID: 11_92	19 20 21 26 27 28 29 30 33 34 35
Subgraph ID: 11_81	19 20 21 22 26 27 28 33 34 35 36
Subgraph ID: 11_81	19 20 21 22 26 27 28 29 30 33 34
Subgraph ID: 11_60	19 20 21 22 23 24 26 27 28 33 34
Subgraph ID: 11_56	90 91 92 93 94 95 96 97 98 99 101
Subgraph ID: 11_40	19 20 21 26 27 28 29 30 31 33 34
Subgraph ID: 11_39	19 20 21 22 23 26 27 33 34 35 36
Subgraph ID: 11_39	19 20 21 22 23 26 27 28 29 30 33
Subgraph ID: 11_39	19 20 21 22 23 24 26 27 33 34 35
Subgraph ID: 11_39	19 20 21 22 23 24 26 27 28 29 33
Subgraph ID: 11_24	19 20 21 22 26 27 28 29 30 31 33
Subgraph ID: 11_24	19 20 21 22 23 24 25 26 27 33 34
Subgraph ID: 11_24	19 20 21 22 23 24 25 26 27 28 33
Subgraph ID: 11_229	125 126 127 133 134 135 136 137 138 140 141
Subgraph ID: 11_192	104 105 106 107 109 110 111 113 114 119 120
Subgraph ID: 11_161	122 123 124 125 143 144 145 146 147 148 149
Subgraph ID: 11_159	19 20 21 22 26 27 28 29 33 34 35
Subgraph ID: 11_153	105 109 110 111 112 113 114 115 116 119 120
Subgraph ID: 11_123	18 78 79 80 81 83 84 89 90 102 103
Subgraph ID: 11_117	79 80 81 83 84 89 90 91 92 93 94
Subgraph ID: 11_112	79 80 81 82 83 84 85 86 87 89 90
Subgraph ID: 11_101	105 109 110 111 113 114 115 116 117 119 120
Subgraph ID: 11_100	19 20 21 22 23 26 27 28 33 34 35
Subgraph ID: 11_100	19 20 21 22 23 26 27 28 29 33 34
Subgraph ID: 11_10	19 20 21 26 27 28 29 30 31 32 33
Subgraph ID: 10_82	78 79 80 81 82 83 84 89 90 102
Subgraph ID: 10_81	105 109 110 111 112 113 114 115 119 120
Subgraph ID: 10_68	105 109 110 111 113 114 115 116 119 120
Subgraph ID: 10_63	19 20 21 26 27 28 29 33 34 35
Subgraph ID: 10_61	123 124 125 143 144 145 146 147 148 149
Subgraph ID: 10_61	122 123 124 125 143 145 146 147 148 149
Subgraph ID: 10_54	19 20 21 22 26 27 28 33 34 35
Subgraph ID: 10_54	19 20 21 22 26 27 28 29 33 34
Subgraph ID: 10_53	79 80 81 83 84 85 86 87 89 90
Subgraph ID: 10_44	19 20 21 22 23 26 27 28 33 34
Subgraph ID: 10_34	19 20 21 26 27 28 33 34 35 36
Subgraph ID: 10_34	19 20 21 26 27 28 29 30 33 34
Subgraph ID: 10_28	19 20 21 22 23 26 27 33 34 35
Subgraph ID: 10_28	19 20 21 22 23 26 27 28 29 33
Subgraph ID: 10_24	90 91 92 93 94 95 96 97 98 101
Subgraph ID: 10_22	19 20 21 22 26 27 33 34 35 36
Subgraph ID: 10_22	19 20 21 22 26 27 28 29 30 33
Subgraph ID: 10_22	19 20 21 22 23 24 26 27 33 34
Subgraph ID: 10_22	19 20 21 22 23 24 26 27 28 33
Subgraph ID: 10_10	19 20 21 26 27 28 29 30 31 33
Subgraph ID: 10_10	19 20 21 22 23 24 25 26 27 33
Subgraph ID: 9_8	19 20 21 26 27 33 34 35 36
Subgraph ID: 9_8	19 20 21 26 27 28 29 30 33
Subgraph ID: 9_8	19 20 21 22 23 24 26 27 33
Subgraph ID: 9_6	159 160 161 162 163 164 165 166 167
Subgraph ID: 9_4	57 58 59 60 61 62 63 64 65
Subgraph ID: 9_38	105 109 110 111 113 114 115 119 120
Subgraph ID: 9_38	105 109 110 111 112 113 114 119 120
Subgraph ID: 9_29	78 79 80 81 83 84 89 90 102
Subgraph ID: 9_28	19 20 21 22 26 27 28 33 34
Subgraph ID: 9_26	19 20 21 26 27 28 33 34 35
Subgraph ID: 9_26	19 20 21 26 27 28 29 33 34
Subgraph ID: 9_25	123 124 125 143 145 146 147 148 149
Subgraph ID: 9_15	19 20 21 22 26 27 33 34 35
Subgraph ID: 9_15	19 20 21 22 26 27 28 29 33
Subgraph ID: 9_15	19 20 21 22 23 26 27 33 34
Subgraph ID: 9_15	19 20 21 22 23 26 27 28 33
Subgraph ID: 9_13	150 151 152 153 154 155 156 157 158
Subgraph ID: 8_8	19 20 21 26 27 33 34 35
Subgraph ID: 8_8	19 20 21 26 27 28 29 33
Subgraph ID: 8_8	19 20 21 22 23 26 27 33
Subgraph ID: 8_6	150 151 152 153 154 155 156 157
Subgraph ID: 8_5	159 160 161 162 163 164 165 166
Subgraph ID: 8_3	57 58 59 60 61 62 63 65
Subgraph ID: 8_3	159 160 161 162 164 165 166 167
Subgraph ID: 8_21	122 123 124 125 143 144 145 149
Subgraph ID: 8_2	58 59 60 61 62 63 64 65
Subgraph ID: 8_18	105 109 110 111 113 114 119 120
Subgraph ID: 8_16	47 48 49 50 51 52 53 54
Subgraph ID: 8_16	19 20 21 26 27 28 33 34
Subgraph ID: 8_15	79 80 81 82 83 84 89 90
Subgraph ID: 8_12	94 95 96 97 98 99 100 101
Subgraph ID: 8_12	150 151 152 153 154 155 157 158
Subgraph ID: 8_11	19 20 21 22 26 27 33 34
Subgraph ID: 8_11	19 20 21 22 26 27 28 33
Subgraph ID: 7_9	79 80 81 83 84 89 90
Subgraph ID: 7_7	94 95 96 97 98 99 101
Subgraph ID: 7_7	150 151 152 153 154 157 158
Subgraph ID: 7_6	47 48 49 50 52 53 54
Subgraph ID: 7_6	47 48 49 50 51 52 54
Subgraph ID: 7_6	19 20 21 26 27 33 34
Subgraph ID: 7_6	19 20 21 26 27 28 33
Subgraph ID: 7_6	19 20 21 22 26 27 33
Subgraph ID: 7_5	95 96 97 98 99 100 101
Subgraph ID: 7_5	150 151 152 153 154 155 157
Subgraph ID: 7_3	57 58 59 60 61 62 65
Subgraph ID: 7_3	159 160 161 162 164 165 166
Subgraph ID: 7_3	159 160 161 162 163 164 165
Subgraph ID: 7_2	58 59 60 61 62 63 65
Subgraph ID: 7_2	159 160 161 164 165 166 167
Subgraph ID: 7_10	123 124 125 143 144 145 149
Subgraph ID: 7_10	122 123 124 125 143 145 149
Subgraph ID: 6_6	123 124 125 143 145 149
Subgraph ID: 6_5	95 96 97 98 99 101
Subgraph ID: 6_5	94 95 96 97 98 101
Subgraph ID: 6_5	90 91 92 93 94 95
Subgraph ID: 6_5	150 151 152 153 157 158
Subgraph ID: 6_5	150 151 152 153 154 157
Subgraph ID: 6_4	47 48 49 50 52 54
Subgraph ID: 6_4	19 20 21 26 27 33
Subgraph ID: 6_3	57 58 59 60 61 65
Subgraph ID: 6_3	159 160 161 162 164 165
Subgraph ID: 6_2	58 59 60 61 62 65
Subgraph ID: 6_2	159 160 161 164 165 166
Subgraph ID: 6_2	159 160 161 162 163 164
Subgraph ID: 6_2	127 128 129 130 131 132
Subgraph ID: 6_1	68 69 70 71 72 73
Subgraph ID: 6_1	27 28 29 30 31 32
Subgraph ID: 5_3	95 96 97 98 101
Subgraph ID: 5_3	90 91 92 93 94
Subgraph ID: 5_3	150 151 152 153 157
Subgraph ID: 5_2	84 85 86 87 88
Subgraph ID: 5_2	8 9 10 11 12
Subgraph ID: 5_2	58 59 60 61 65
Subgraph ID: 5_2	57 58 59 60 65
Subgraph ID: 5_2	159 160 161 164 165
Subgraph ID: 5_2	159 160 161 162 164
Subgraph ID: 5_2	127 128 129 130 131
Subgraph ID: 5_1	69 70 71 72 73
Subgraph ID: 5_1	68 69 70 71 72
Subgraph ID: 5_1	60 61 62 63 64
Subgraph ID: 5_1	28 29 30 31 32
Subgraph ID: 5_1	27 28 29 30 31
Subgraph ID: 5_1	21 22 23 24 25
Subgraph ID: 5_1	168 169 170 171 172
Subgraph ID: 5_1	114 115 116 117 118
Subgraph ID: 4_2	9 10 11 12
Subgraph ID: 4_2	84 85 86 87
Subgraph ID: 4_2	58 59 60 65
Subgraph ID: 4_2	159 160 161 164
Subgraph ID: 4_2	145 146 147 148
Subgraph ID: 4_2	127 128 129 130
Subgraph ID: 4_1	70 71 72 73
Subgraph ID: 4_1	69 70 71 72
Subgraph ID: 4_1	68 69 70 71
Subgraph ID: 4_1	61 62 63 64
Subgraph ID: 4_1	60 61 62 63
Subgraph ID: 4_1	33 34 35 36
Subgraph ID: 4_1	29 30 31 32
Subgraph ID: 4_1	28 29 30 31
Subgraph ID: 4_1	27 28 29 30
Subgraph ID: 4_1	22 23 24 25
Subgraph ID: 4_1	21 22 23 24
Subgraph ID: 4_1	169 170 171 172
Subgraph ID: 4_1	168 169 170 171
Subgraph ID: 4_1	164 165 166 167
Subgraph ID: 4_1	153 154 155 156
Subgraph ID: 4_1	115 116 117 118
Subgraph ID: 4_1	114 115 116 117
Subgraph ID: 3_1	98 99 100
Subgraph ID: 3_1	71 72 73
Subgraph ID: 3_1	70 71 72
Subgraph ID: 3_1	69 70 71
Subgraph ID: 3_1	68 69 70
Subgraph ID: 3_1	62 63 64
Subgraph ID: 3_1	61 62 63
Subgraph ID: 3_1	60 61 62
Subgraph ID: 3_1	34 35 36
Subgraph ID: 3_1	33 34 35
Subgraph ID: 3_1	30 31 32
Subgraph ID: 3_1	29 30 31
Subgraph ID: 3_1	28 29 30
Subgraph ID: 3_1	27 28 29
Subgraph ID: 3_1	23 24 25
Subgraph ID: 3_1	22 23 24
Subgraph ID: 3_1	21 22 23
Subgraph ID: 3_1	170 171 172
Subgraph ID: 3_1	169 170 171
Subgraph ID: 3_1	168 169 170
Subgraph ID: 3_1	165 166 167
Subgraph ID: 3_1	164 165 166
Subgraph ID: 3_1	161 162 163
Subgraph ID: 3_1	154 155 156
Subgraph ID: 3_1	153 154 155
Subgraph ID: 3_1	130 131 132
Subgraph ID: 3_1	116 117 118
Subgraph ID: 3_1	115 116 117
Subgraph ID: 3_1	114 115 116
Subgraph ID: 2_1	99 100
Subgraph ID: 2_1	98 99
Subgraph ID: 2_1	94 95
Subgraph ID: 2_1	87 88
Subgraph ID: 2_1	81 82
Subgraph ID: 2_1	8 9
Subgraph ID: 2_1	75 76
Subgraph ID: 2_1	72 73
Subgraph ID: 2_1	71 72
Subgraph ID: 2_1	70 71
Subgraph ID: 2_1	69 70
Subgraph ID: 2_1	68 69
Subgraph ID: 2_1	63 64
Subgraph ID: 2_1	62 63
Subgraph ID: 2_1	61 62
Subgraph ID: 2_1	60 61
Subgraph ID: 2_1	6 7
Subgraph ID: 2_1	57 58
Subgraph ID: 2_1	52 53
Subgraph ID: 2_1	50 51
Subgraph ID: 2_1	44 45
Subgraph ID: 2_1	40 41
Subgraph ID: 2_1	4 5
Subgraph ID: 2_1	35 36
Subgraph ID: 2_1	34 35
Subgraph ID: 2_1	33 34
Subgraph ID: 2_1	31 32
Subgraph ID: 2_1	30 31
Subgraph ID: 2_1	29 30
Subgraph ID: 2_1	28 29
Subgraph ID: 2_1	27 28
Subgraph ID: 2_1	24 25
Subgraph ID: 2_1	23 24
Subgraph ID: 2_1	22 23
Subgraph ID: 2_1	21 22
Subgraph ID: 2_1	171 172
Subgraph ID: 2_1	170 171
Subgraph ID: 2_1	169 170
Subgraph ID: 2_1	168 169
Subgraph ID: 2_1	166 167
Subgraph ID: 2_1	165 166
Subgraph ID: 2_1	164 165
Subgraph ID: 2_1	162 163
Subgraph ID: 2_1	161 162
Subgraph ID: 2_1	157 158
Subgraph ID: 2_1	155 156
Subgraph ID: 2_1	154 155
Subgraph ID: 2_1	153 154
Subgraph ID: 2_1	143 144
Subgraph ID: 2_1	141 142
Subgraph ID: 2_1	138 139
Subgraph ID: 2_1	131 132
Subgraph ID: 2_1	130 131
Subgraph ID: 2_1	122 123
Subgraph ID: 2_1	117 118
Subgraph ID: 2_1	116 117
Subgraph ID: 2_1	115 116
Subgraph ID: 2_1	114 115
Subgraph ID: 2_1	111 112
Subgraph ID: 2_1	107 108
