Subgraph ID: 13_93	19 20 21 22 23 24 26 27 28 29 30 31 33
Subgraph ID: 13_93	19 20 21 22 23 24 25 26 27 33 34 35 36
Subgraph ID: 13_93	19 20 21 22 23 24 25 26 27 28 29 30 33
Subgraph ID: 13_918	106 107 108 109 111 112 113 115 116 117 118 121 122
Subgraph ID: 13_747	80 81 82 83 84 85 86 87 88 89 91 92 104
Subgraph ID: 13_674	19 20 21 22 26 27 28 29 30 33 34 35 36
Subgraph ID: 13_618	19 20 21 22 23 26 27 28 29 33 34 35 36
Subgraph ID: 13_618	19 20 21 22 23 26 27 28 29 30 33 34 35
Subgraph ID: 13_614	80 81 82 83 85 86 91 92 93 94 95 96 104
Subgraph ID: 13_60	19 20 21 22 23 26 27 28 29 30 31 32 33
Subgraph ID: 13_592	81 82 83 84 85 86 91 92 93 94 95 96 97
Subgraph ID: 13_523	80 81 82 83 85 86 87 88 89 90 91 92 104
Subgraph ID: 13_449	19 20 21 22 23 24 26 27 28 29 33 34 35
Subgraph ID: 13_391	19 20 21 22 26 27 28 29 30 31 33 34 35
Subgraph ID: 13_360	107 111 112 113 114 115 116 117 118 119 120 121 122
Subgraph ID: 13_295	19 20 21 22 23 24 26 27 28 33 34 35 36
Subgraph ID: 13_295	19 20 21 22 23 24 26 27 28 29 30 33 34
Subgraph ID: 13_289	19 20 21 26 27 28 29 30 31 33 34 35 36
Subgraph ID: 13_255	19 20 21 22 23 26 27 28 29 30 31 33 34
Subgraph ID: 13_200	19 20 21 22 23 24 25 26 27 28 33 34 35
Subgraph ID: 13_200	19 20 21 22 23 24 25 26 27 28 29 33 34
Subgraph ID: 13_151	19 20 21 26 27 28 29 30 31 32 33 34 35
Subgraph ID: 13_1292	127 128 129 135 136 137 138 139 140 141 142 143 144
Subgraph ID: 13_129	19 20 21 22 26 27 28 29 30 31 32 33 34
Subgraph ID: 13_1144	106 107 108 109 111 112 113 114 115 116 117 121 122
Subgraph ID: 13_1144	106 107 108 109 110 111 112 113 114 115 116 121 122
Subgraph ID: 13_1007	106 107 108 109 110 111 112 113 115 116 117 121 122
Subgraph ID: 12_76	19 20 21 22 23 24 25 26 27 28 33 34
Subgraph ID: 12_67	19 20 21 22 23 24 26 27 33 34 35 36
Subgraph ID: 12_67	19 20 21 22 23 24 26 27 28 29 30 33
Subgraph ID: 12_544	127 128 129 135 136 137 138 139 140 142 143 144
Subgraph ID: 12_544	127 128 129 135 136 137 138 139 140 141 142 143
Subgraph ID: 12_52	19 20 21 22 23 26 27 28 29 30 31 33
Subgraph ID: 12_52	19 20 21 22 23 24 25 26 27 33 34 35
Subgraph ID: 12_52	19 20 21 22 23 24 25 26 27 28 29 33
Subgraph ID: 12_499	106 107 108 109 111 112 113 114 115 116 121 122
Subgraph ID: 12_45	19 20 21 26 27 28 29 30 31 32 33 34
Subgraph ID: 12_437	106 107 108 109 111 112 113 115 116 117 121 122
Subgraph ID: 12_437	106 107 108 109 110 111 112 113 115 116 121 122
Subgraph ID: 12_374	18 80 81 82 83 84 85 86 91 92 104 105
Subgraph ID: 12_282	19 20 21 22 23 26 27 28 29 33 34 35
Subgraph ID: 12_275	19 20 21 22 26 27 28 29 33 34 35 36
Subgraph ID: 12_275	19 20 21 22 26 27 28 29 30 33 34 35
Subgraph ID: 12_27	19 20 21 22 26 27 28 29 30 31 32 33
Subgraph ID: 12_268	80 81 82 83 85 86 87 88 89 91 92 104
Subgraph ID: 12_265	81 82 83 84 85 86 91 92 93 94 95 96
Subgraph ID: 12_260	81 82 83 85 86 91 92 93 94 95 96 97
Subgraph ID: 12_254	107 111 112 113 114 115 116 117 118 119 121 122
Subgraph ID: 12_222	81 82 83 84 85 86 87 88 89 90 91 92
Subgraph ID: 12_196	19 20 21 26 27 28 29 30 33 34 35 36
Subgraph ID: 12_173	19 20 21 22 23 26 27 28 33 34 35 36
Subgraph ID: 12_173	19 20 21 22 23 26 27 28 29 30 33 34
Subgraph ID: 12_148	19 20 21 22 23 24 26 27 28 33 34 35
Subgraph ID: 12_148	19 20 21 22 23 24 26 27 28 29 33 34
Subgraph ID: 12_134	107 111 112 113 115 116 117 118 119 120 121 122
Subgraph ID: 12_124	19 20 21 26 27 28 29 30 31 33 34 35
Subgraph ID: 12_116	92 93 94 95 96 97 98 99 100 101 102 103
Subgraph ID: 12_110	19 20 21 22 26 27 28 29 30 31 33 34
Subgraph ID: 11_93	81 82 83 85 86 87 88 89 90 91 92
Subgraph ID: 11_92	19 20 21 26 27 28 29 33 34 35 36
Subgraph ID: 11_92	19 20 21 26 27 28 29 30 33 34 35
Subgraph ID: 11_81	19 20 21 22 26 27 28 33 34 35 36
Subgraph ID: 11_81	19 20 21 22 26 27 28 29 30 33 34
Subgraph ID: 11_60	19 20 21 22 23 24 26 27 28 33 34
Subgraph ID: 11_56	92 93 94 95 96 97 98 99 100 101 103
Subgraph ID: 11_40	19 20 21 26 27 28 29 30 31 33 34
Subgraph ID: 11_39	19 20 21 22 23 26 27 33 34 35 36
Subgraph ID: 11_39	19 20 21 22 23 26 27 28 29 30 33
Subgraph ID: 11_39	19 20 21 22 23 24 26 27 33 34 35
Subgraph ID: 11_39	19 20 21 22 23 24 26 27 28 29 33
Subgraph ID: 11_24	19 20 21 22 26 27 28 29 30 31 33
Subgraph ID: 11_24	19 20 21 22 23 24 25 26 27 33 34
Subgraph ID: 11_24	19 20 21 22 23 24 25 26 27 28 33
Subgraph ID: 11_229	127 128 129 135 136 137 138 139 140 142 143
Subgraph ID: 11_192	106 107 108 109 111 112 113 115 116 121 122
Subgraph ID: 11_161	124 125 126 127 145 146 147 148 149 150 151
Subgraph ID: 11_159	19 20 21 22 26 27 28 29 33 34 35
Subgraph ID: 11_153	107 111 112 113 114 115 116 117 118 121 122
Subgraph ID: 11_123	18 80 81 82 83 85 86 91 92 104 105
Subgraph ID: 11_117	81 82 83 85 86 91 92 93 94 95 96
Subgraph ID: 11_112	81 82 83 84 85 86 87 88 89 91 92
Subgraph ID: 11_101	107 111 112 113 115 116 117 118 119 121 122
Subgraph ID: 11_100	19 20 21 22 23 26 27 28 33 34 35
Subgraph ID: 11_100	19 20 21 22 23 26 27 28 29 33 34
Subgraph ID: 11_10	19 20 21 26 27 28 29 30 31 32 33
Subgraph ID: 10_82	80 81 82 83 84 85 86 91 92 104
Subgraph ID: 10_81	107 111 112 113 114 115 116 117 121 122
Subgraph ID: 10_68	107 111 112 113 115 116 117 118 121 122
Subgraph ID: 10_63	19 20 21 26 27 28 29 33 34 35
Subgraph ID: 10_61	125 126 127 145 146 147 148 149 150 151
Subgraph ID: 10_61	124 125 126 127 145 147 148 149 150 151
Subgraph ID: 10_54	19 20 21 22 26 27 28 33 34 35
Subgraph ID: 10_54	19 20 21 22 26 27 28 29 33 34
Subgraph ID: 10_53	81 82 83 85 86 87 88 89 91 92
Subgraph ID: 10_44	19 20 21 22 23 26 27 28 33 34
Subgraph ID: 10_34	19 20 21 26 27 28 33 34 35 36
Subgraph ID: 10_34	19 20 21 26 27 28 29 30 33 34
Subgraph ID: 10_28	19 20 21 22 23 26 27 33 34 35
Subgraph ID: 10_28	19 20 21 22 23 26 27 28 29 33
Subgraph ID: 10_24	92 93 94 95 96 97 98 99 100 103
Subgraph ID: 10_22	19 20 21 22 26 27 33 34 35 36
Subgraph ID: 10_22	19 20 21 22 26 27 28 29 30 33
Subgraph ID: 10_22	19 20 21 22 23 24 26 27 33 34
Subgraph ID: 10_22	19 20 21 22 23 24 26 27 28 33
Subgraph ID: 10_10	19 20 21 26 27 28 29 30 31 33
Subgraph ID: 10_10	19 20 21 22 23 24 25 26 27 33
Subgraph ID: 9_8	19 20 21 26 27 33 34 35 36
Subgraph ID: 9_8	19 20 21 26 27 28 29 30 33
Subgraph ID: 9_8	19 20 21 22 23 24 26 27 33
Subgraph ID: 9_6	161 162 163 164 165 166 167 168 169
Subgraph ID: 9_38	107 111 112 113 115 116 117 121 122
Subgraph ID: 9_38	107 111 112 113 114 115 116 121 122
Subgraph ID: 9_29	80 81 82 83 85 86 91 92 104
Subgraph ID: 9_28	19 20 21 22 26 27 28 33 34
Subgraph ID: 9_26	19 20 21 26 27 28 33 34 35
Subgraph ID: 9_26	19 20 21 26 27 28 29 33 34
Subgraph ID: 9_25	125 126 127 145 147 148 149 150 151
Subgraph ID: 9_15	19 20 21 22 26 27 33 34 35
Subgraph ID: 9_15	19 20 21 22 26 27 28 29 33
Subgraph ID: 9_15	19 20 21 22 23 26 27 33 34
Subgraph ID: 9_15	19 20 21 22 23 26 27 28 33
Subgraph ID: 9_13	152 153 154 155 156 157 158 159 160
Subgraph ID: 8_8	19 20 21 26 27 33 34 35
Subgraph ID: 8_8	19 20 21 26 27 28 29 33
Subgraph ID: 8_8	19 20 21 22 23 26 27 33
Subgraph ID: 8_6	152 153 154 155 156 157 158 159
Subgraph ID: 8_5	161 162 163 164 165 166 167 168
Subgraph ID: 8_3	161 162 163 164 166 167 168 169
Subgraph ID: 8_21	124 125 126 127 145 146 147 151
Subgraph ID: 8_2	59 60 61 62 63 64 65 66
Subgraph ID: 8_18	107 111 112 113 115 116 121 122
Subgraph ID: 8_16	49 50 51 52 53 54 55 56
Subgraph ID: 8_16	19 20 21 26 27 28 33 34
Subgraph ID: 8_15	81 82 83 84 85 86 91 92
Subgraph ID: 8_12	96 97 98 99 100 101 102 103
Subgraph ID: 8_12	152 153 154 155 156 157 159 160
Subgraph ID: 8_11	19 20 21 22 26 27 33 34
Subgraph ID: 8_11	19 20 21 22 26 27 28 33
Subgraph ID: 7_9	81 82 83 85 86 91 92
Subgraph ID: 7_7	96 97 98 99 100 101 103
Subgraph ID: 7_7	152 153 154 155 156 159 160
Subgraph ID: 7_6	49 50 51 52 54 55 56
Subgraph ID: 7_6	49 50 51 52 53 54 56
Subgraph ID: 7_6	19 20 21 26 27 33 34
Subgraph ID: 7_6	19 20 21 26 27 28 33
Subgraph ID: 7_6	19 20 21 22 26 27 33
Subgraph ID: 7_5	97 98 99 100 101 102 103
Subgraph ID: 7_5	152 153 154 155 156 157 159
Subgraph ID: 7_3	161 162 163 164 166 167 168
Subgraph ID: 7_3	161 162 163 164 165 166 167
Subgraph ID: 7_2	69 70 71 72 73 74 75
Subgraph ID: 7_2	59 60 61 62 63 64 66
Subgraph ID: 7_2	161 162 163 166 167 168 169
Subgraph ID: 7_10	125 126 127 145 146 147 151
Subgraph ID: 7_10	124 125 126 127 145 147 151
Subgraph ID: 6_6	125 126 127 145 147 151
Subgraph ID: 6_5	97 98 99 100 101 103
Subgraph ID: 6_5	96 97 98 99 100 103
Subgraph ID: 6_5	92 93 94 95 96 97
Subgraph ID: 6_5	152 153 154 155 159 160
Subgraph ID: 6_5	152 153 154 155 156 159
Subgraph ID: 6_4	49 50 51 52 54 56
Subgraph ID: 6_4	19 20 21 26 27 33
Subgraph ID: 6_3	161 162 163 164 166 167
Subgraph ID: 6_2	70 71 72 73 74 75
Subgraph ID: 6_2	59 60 61 62 63 66
Subgraph ID: 6_2	161 162 163 166 167 168
Subgraph ID: 6_2	161 162 163 164 165 166
Subgraph ID: 6_2	129 130 131 132 133 134
Subgraph ID: 6_1	27 28 29 30 31 32
Subgraph ID: 5_3	97 98 99 100 103
Subgraph ID: 5_3	92 93 94 95 96
Subgraph ID: 5_3	152 153 154 155 159
Subgraph ID: 5_2	86 87 88 89 90
Subgraph ID: 5_2	8 9 10 11 12
Subgraph ID: 5_2	71 72 73 74 75
Subgraph ID: 5_2	59 60 61 62 66
Subgraph ID: 5_2	161 162 163 166 167
Subgraph ID: 5_2	161 162 163 164 166
Subgraph ID: 5_2	129 130 131 132 133
Subgraph ID: 5_1	61 62 63 64 65
Subgraph ID: 5_1	28 29 30 31 32
Subgraph ID: 5_1	27 28 29 30 31
Subgraph ID: 5_1	21 22 23 24 25
Subgraph ID: 5_1	170 171 172 173 174
Subgraph ID: 5_1	116 117 118 119 120
Subgraph ID: 4_2	9 10 11 12
Subgraph ID: 4_2	86 87 88 89
Subgraph ID: 4_2	72 73 74 75
Subgraph ID: 4_2	59 60 61 66
Subgraph ID: 4_2	161 162 163 166
Subgraph ID: 4_2	147 148 149 150
Subgraph ID: 4_2	129 130 131 132
Subgraph ID: 4_1	69 70 71 72
Subgraph ID: 4_1	62 63 64 65
Subgraph ID: 4_1	61 62 63 64
Subgraph ID: 4_1	33 34 35 36
Subgraph ID: 4_1	29 30 31 32
Subgraph ID: 4_1	28 29 30 31
Subgraph ID: 4_1	27 28 29 30
Subgraph ID: 4_1	22 23 24 25
Subgraph ID: 4_1	21 22 23 24
Subgraph ID: 4_1	171 172 173 174
Subgraph ID: 4_1	170 171 172 173
Subgraph ID: 4_1	166 167 168 169
Subgraph ID: 4_1	155 156 157 158
Subgraph ID: 4_1	117 118 119 120
Subgraph ID: 4_1	116 117 118 119
Subgraph ID: 3_1	70 71 72
Subgraph ID: 3_1	69 70 71
Subgraph ID: 3_1	63 64 65
Subgraph ID: 3_1	62 63 64
Subgraph ID: 3_1	61 62 63
Subgraph ID: 3_1	44 45 46
Subgraph ID: 3_1	34 35 36
Subgraph ID: 3_1	33 34 35
Subgraph ID: 3_1	30 31 32
Subgraph ID: 3_1	29 30 31
Subgraph ID: 3_1	28 29 30
Subgraph ID: 3_1	27 28 29
Subgraph ID: 3_1	23 24 25
Subgraph ID: 3_1	22 23 24
Subgraph ID: 3_1	21 22 23
Subgraph ID: 3_1	172 173 174
Subgraph ID: 3_1	171 172 173
Subgraph ID: 3_1	170 171 172
Subgraph ID: 3_1	167 168 169
Subgraph ID: 3_1	166 167 168
Subgraph ID: 3_1	163 164 165
Subgraph ID: 3_1	156 157 158
Subgraph ID: 3_1	155 156 157
Subgraph ID: 3_1	132 133 134
Subgraph ID: 3_1	118 119 120
Subgraph ID: 3_1	117 118 119
Subgraph ID: 3_1	116 117 118
Subgraph ID: 3_1	100 101 102
Subgraph ID: 2_1	96 97
Subgraph ID: 2_1	89 90
Subgraph ID: 2_1	83 84
Subgraph ID: 2_1	8 9
Subgraph ID: 2_1	77 78
Subgraph ID: 2_1	71 72
Subgraph ID: 2_1	70 71
Subgraph ID: 2_1	69 70
Subgraph ID: 2_1	64 65
Subgraph ID: 2_1	63 64
Subgraph ID: 2_1	62 63
Subgraph ID: 2_1	61 62
Subgraph ID: 2_1	6 7
Subgraph ID: 2_1	54 55
Subgraph ID: 2_1	52 53
Subgraph ID: 2_1	47 48
Subgraph ID: 2_1	45 46
Subgraph ID: 2_1	44 45
Subgraph ID: 2_1	40 41
Subgraph ID: 2_1	4 5
Subgraph ID: 2_1	35 36
Subgraph ID: 2_1	34 35
Subgraph ID: 2_1	33 34
Subgraph ID: 2_1	31 32
Subgraph ID: 2_1	30 31
Subgraph ID: 2_1	29 30
Subgraph ID: 2_1	28 29
Subgraph ID: 2_1	27 28
Subgraph ID: 2_1	24 25
Subgraph ID: 2_1	23 24
Subgraph ID: 2_1	22 23
Subgraph ID: 2_1	21 22
Subgraph ID: 2_1	173 174
Subgraph ID: 2_1	172 173
Subgraph ID: 2_1	171 172
Subgraph ID: 2_1	170 171
Subgraph ID: 2_1	168 169
Subgraph ID: 2_1	167 168
Subgraph ID: 2_1	166 167
Subgraph ID: 2_1	164 165
Subgraph ID: 2_1	163 164
Subgraph ID: 2_1	159 160
Subgraph ID: 2_1	157 158
Subgraph ID: 2_1	156 157
Subgraph ID: 2_1	155 156
Subgraph ID: 2_1	145 146
Subgraph ID: 2_1	143 144
Subgraph ID: 2_1	140 141
Subgraph ID: 2_1	133 134
Subgraph ID: 2_1	132 133
Subgraph ID: 2_1	124 125
Subgraph ID: 2_1	119 120
Subgraph ID: 2_1	118 119
Subgraph ID: 2_1	117 118
Subgraph ID: 2_1	116 117
Subgraph ID: 2_1	113 114
Subgraph ID: 2_1	109 110
Subgraph ID: 2_1	101 102
Subgraph ID: 2_1	100 101
