Subgraph ID: 13_93	26 27 28 29 30 31 34 35 36 37 38 39 41
Subgraph ID: 13_93	26 27 28 29 30 31 32 34 35 41 42 43 44
Subgraph ID: 13_93	26 27 28 29 30 31 32 34 35 36 37 38 41
Subgraph ID: 13_918	115 116 117 118 120 121 122 124 125 126 127 130 131
Subgraph ID: 13_86	26 27 28 29 30 31 32 33 34 35 36 41 42
Subgraph ID: 13_747	89 90 91 92 93 94 95 96 97 98 100 101 113
Subgraph ID: 13_674	26 27 28 29 34 35 36 37 38 41 42 43 44
Subgraph ID: 13_618	26 27 28 29 30 34 35 36 37 41 42 43 44
Subgraph ID: 13_618	26 27 28 29 30 34 35 36 37 38 41 42 43
Subgraph ID: 13_614	89 90 91 92 94 95 100 101 102 103 104 105 113
Subgraph ID: 13_60	26 27 28 29 30 34 35 36 37 38 39 40 41
Subgraph ID: 13_60	26 27 28 29 30 31 32 33 34 35 41 42 43
Subgraph ID: 13_60	26 27 28 29 30 31 32 33 34 35 36 37 41
Subgraph ID: 13_592	90 91 92 93 94 95 100 101 102 103 104 105 106
Subgraph ID: 13_523	89 90 91 92 94 95 96 97 98 99 100 101 113
Subgraph ID: 13_449	26 27 28 29 30 31 34 35 36 37 41 42 43
Subgraph ID: 13_391	26 27 28 29 34 35 36 37 38 39 41 42 43
Subgraph ID: 13_360	116 120 121 122 123 124 125 126 127 128 129 130 131
Subgraph ID: 13_295	26 27 28 29 30 31 34 35 36 41 42 43 44
Subgraph ID: 13_295	26 27 28 29 30 31 34 35 36 37 38 41 42
Subgraph ID: 13_289	26 27 28 34 35 36 37 38 39 41 42 43 44
Subgraph ID: 13_255	26 27 28 29 30 34 35 36 37 38 39 41 42
Subgraph ID: 13_200	26 27 28 29 30 31 32 34 35 36 41 42 43
Subgraph ID: 13_200	26 27 28 29 30 31 32 34 35 36 37 41 42
Subgraph ID: 13_151	26 27 28 34 35 36 37 38 39 40 41 42 43
Subgraph ID: 13_1292	136 137 138 144 145 146 147 148 149 150 151 152 153
Subgraph ID: 13_129	26 27 28 29 34 35 36 37 38 39 40 41 42
Subgraph ID: 13_1144	115 116 117 118 120 121 122 123 124 125 126 130 131
Subgraph ID: 13_1144	115 116 117 118 119 120 121 122 123 124 125 130 131
Subgraph ID: 13_1007	115 116 117 118 119 120 121 122 124 125 126 130 131
Subgraph ID: 12_76	26 27 28 29 30 31 32 34 35 36 41 42
Subgraph ID: 12_67	26 27 28 29 30 31 34 35 41 42 43 44
Subgraph ID: 12_67	26 27 28 29 30 31 34 35 36 37 38 41
Subgraph ID: 12_544	136 137 138 144 145 146 147 148 149 151 152 153
Subgraph ID: 12_544	136 137 138 144 145 146 147 148 149 150 151 152
Subgraph ID: 12_52	26 27 28 29 30 34 35 36 37 38 39 41
Subgraph ID: 12_52	26 27 28 29 30 31 32 34 35 41 42 43
Subgraph ID: 12_52	26 27 28 29 30 31 32 34 35 36 37 41
Subgraph ID: 12_499	115 116 117 118 120 121 122 123 124 125 130 131
Subgraph ID: 12_45	26 27 28 34 35 36 37 38 39 40 41 42
Subgraph ID: 12_437	115 116 117 118 120 121 122 124 125 126 130 131
Subgraph ID: 12_437	115 116 117 118 119 120 121 122 124 125 130 131
Subgraph ID: 12_374	0 89 90 91 92 93 94 95 100 101 113 114
Subgraph ID: 12_282	26 27 28 29 30 34 35 36 37 41 42 43
Subgraph ID: 12_275	26 27 28 29 34 35 36 37 41 42 43 44
Subgraph ID: 12_275	26 27 28 29 34 35 36 37 38 41 42 43
Subgraph ID: 12_27	26 27 28 29 34 35 36 37 38 39 40 41
Subgraph ID: 12_27	26 27 28 29 30 31 32 33 34 35 41 42
Subgraph ID: 12_27	26 27 28 29 30 31 32 33 34 35 36 41
Subgraph ID: 12_268	89 90 91 92 94 95 96 97 98 100 101 113
Subgraph ID: 12_265	90 91 92 93 94 95 100 101 102 103 104 105
Subgraph ID: 12_260	90 91 92 94 95 100 101 102 103 104 105 106
Subgraph ID: 12_254	116 120 121 122 123 124 125 126 127 128 130 131
Subgraph ID: 12_222	90 91 92 93 94 95 96 97 98 99 100 101
Subgraph ID: 12_196	26 27 28 34 35 36 37 38 41 42 43 44
Subgraph ID: 12_173	26 27 28 29 30 34 35 36 41 42 43 44
Subgraph ID: 12_173	26 27 28 29 30 34 35 36 37 38 41 42
Subgraph ID: 12_148	26 27 28 29 30 31 34 35 36 41 42 43
Subgraph ID: 12_148	26 27 28 29 30 31 34 35 36 37 41 42
Subgraph ID: 12_134	116 120 121 122 124 125 126 127 128 129 130 131
Subgraph ID: 12_124	26 27 28 34 35 36 37 38 39 41 42 43
Subgraph ID: 12_116	101 102 103 104 105 106 107 108 109 110 111 112
Subgraph ID: 12_110	26 27 28 29 34 35 36 37 38 39 41 42
Subgraph ID: 11_93	90 91 92 94 95 96 97 98 99 100 101
Subgraph ID: 11_92	26 27 28 34 35 36 37 41 42 43 44
Subgraph ID: 11_92	26 27 28 34 35 36 37 38 41 42 43
Subgraph ID: 11_81	26 27 28 29 34 35 36 41 42 43 44
Subgraph ID: 11_81	26 27 28 29 34 35 36 37 38 41 42
Subgraph ID: 11_60	26 27 28 29 30 31 34 35 36 41 42
Subgraph ID: 11_56	101 102 103 104 105 106 107 108 109 110 112
Subgraph ID: 11_40	26 27 28 34 35 36 37 38 39 41 42
Subgraph ID: 11_39	26 27 28 29 30 34 35 41 42 43 44
Subgraph ID: 11_39	26 27 28 29 30 34 35 36 37 38 41
Subgraph ID: 11_39	26 27 28 29 30 31 34 35 41 42 43
Subgraph ID: 11_39	26 27 28 29 30 31 34 35 36 37 41
Subgraph ID: 11_24	26 27 28 29 34 35 36 37 38 39 41
Subgraph ID: 11_24	26 27 28 29 30 31 32 34 35 41 42
Subgraph ID: 11_24	26 27 28 29 30 31 32 34 35 36 41
Subgraph ID: 11_229	136 137 138 144 145 146 147 148 149 151 152
Subgraph ID: 11_192	115 116 117 118 120 121 122 124 125 130 131
Subgraph ID: 11_161	133 134 135 136 154 155 156 157 158 159 160
Subgraph ID: 11_159	26 27 28 29 34 35 36 37 41 42 43
Subgraph ID: 11_153	116 120 121 122 123 124 125 126 127 130 131
Subgraph ID: 11_123	0 89 90 91 92 94 95 100 101 113 114
Subgraph ID: 11_117	90 91 92 94 95 100 101 102 103 104 105
Subgraph ID: 11_112	90 91 92 93 94 95 96 97 98 100 101
Subgraph ID: 11_101	116 120 121 122 124 125 126 127 128 130 131
Subgraph ID: 11_100	26 27 28 29 30 34 35 36 41 42 43
Subgraph ID: 11_100	26 27 28 29 30 34 35 36 37 41 42
Subgraph ID: 11_10	26 27 28 34 35 36 37 38 39 40 41
Subgraph ID: 11_10	26 27 28 29 30 31 32 33 34 35 41
Subgraph ID: 10_82	89 90 91 92 93 94 95 100 101 113
Subgraph ID: 10_81	116 120 121 122 123 124 125 126 130 131
Subgraph ID: 10_68	116 120 121 122 124 125 126 127 130 131
Subgraph ID: 10_63	26 27 28 34 35 36 37 41 42 43
Subgraph ID: 10_61	134 135 136 154 155 156 157 158 159 160
Subgraph ID: 10_61	133 134 135 136 154 156 157 158 159 160
Subgraph ID: 10_54	26 27 28 29 34 35 36 41 42 43
Subgraph ID: 10_54	26 27 28 29 34 35 36 37 41 42
Subgraph ID: 10_53	90 91 92 94 95 96 97 98 100 101
Subgraph ID: 10_44	26 27 28 29 30 34 35 36 41 42
Subgraph ID: 10_34	26 27 28 34 35 36 41 42 43 44
Subgraph ID: 10_34	26 27 28 34 35 36 37 38 41 42
Subgraph ID: 10_28	26 27 28 29 30 34 35 41 42 43
Subgraph ID: 10_28	26 27 28 29 30 34 35 36 37 41
Subgraph ID: 10_24	101 102 103 104 105 106 107 108 109 112
Subgraph ID: 10_22	26 27 28 29 34 35 41 42 43 44
Subgraph ID: 10_22	26 27 28 29 34 35 36 37 38 41
Subgraph ID: 10_22	26 27 28 29 30 31 34 35 41 42
Subgraph ID: 10_22	26 27 28 29 30 31 34 35 36 41
Subgraph ID: 10_10	26 27 28 34 35 36 37 38 39 41
Subgraph ID: 10_10	26 27 28 29 30 31 32 34 35 41
Subgraph ID: 9_8	26 27 28 34 35 41 42 43 44
Subgraph ID: 9_8	26 27 28 34 35 36 37 38 41
Subgraph ID: 9_8	26 27 28 29 30 31 34 35 41
Subgraph ID: 9_6	170 171 172 173 174 175 176 177 178
Subgraph ID: 9_4	67 68 69 70 71 72 73 74 75
Subgraph ID: 9_38	116 120 121 122 124 125 126 130 131
Subgraph ID: 9_38	116 120 121 122 123 124 125 130 131
Subgraph ID: 9_29	89 90 91 92 94 95 100 101 113
Subgraph ID: 9_28	26 27 28 29 34 35 36 41 42
Subgraph ID: 9_26	26 27 28 34 35 36 41 42 43
Subgraph ID: 9_26	26 27 28 34 35 36 37 41 42
Subgraph ID: 9_25	134 135 136 154 156 157 158 159 160
Subgraph ID: 9_15	26 27 28 29 34 35 41 42 43
Subgraph ID: 9_15	26 27 28 29 34 35 36 37 41
Subgraph ID: 9_15	26 27 28 29 30 34 35 41 42
Subgraph ID: 9_15	26 27 28 29 30 34 35 36 41
Subgraph ID: 9_13	161 162 163 164 165 166 167 168 169
Subgraph ID: 8_8	26 27 28 34 35 41 42 43
Subgraph ID: 8_8	26 27 28 34 35 36 37 41
Subgraph ID: 8_8	26 27 28 29 30 34 35 41
Subgraph ID: 8_6	161 162 163 164 165 166 167 168
Subgraph ID: 8_5	170 171 172 173 174 175 176 177
Subgraph ID: 8_3	67 68 69 70 71 72 73 75
Subgraph ID: 8_3	170 171 172 173 175 176 177 178
Subgraph ID: 8_21	133 134 135 136 154 155 156 160
Subgraph ID: 8_2	68 69 70 71 72 73 74 75
Subgraph ID: 8_18	116 120 121 122 124 125 130 131
Subgraph ID: 8_16	57 58 59 60 61 62 63 64
Subgraph ID: 8_16	26 27 28 34 35 36 41 42
Subgraph ID: 8_15	90 91 92 93 94 95 100 101
Subgraph ID: 8_12	161 162 163 164 165 166 168 169
Subgraph ID: 8_12	105 106 107 108 109 110 111 112
Subgraph ID: 8_11	26 27 28 29 34 35 41 42
Subgraph ID: 8_11	26 27 28 29 34 35 36 41
Subgraph ID: 7_9	90 91 92 94 95 100 101
Subgraph ID: 7_7	161 162 163 164 165 168 169
Subgraph ID: 7_7	105 106 107 108 109 110 112
Subgraph ID: 7_6	57 58 59 60 62 63 64
Subgraph ID: 7_6	57 58 59 60 61 62 64
Subgraph ID: 7_6	26 27 28 34 35 41 42
Subgraph ID: 7_6	26 27 28 34 35 36 41
Subgraph ID: 7_6	26 27 28 29 34 35 41
Subgraph ID: 7_5	161 162 163 164 165 166 168
Subgraph ID: 7_5	106 107 108 109 110 111 112
Subgraph ID: 7_3	67 68 69 70 71 72 75
Subgraph ID: 7_3	170 171 172 173 175 176 177
Subgraph ID: 7_3	170 171 172 173 174 175 176
Subgraph ID: 7_2	78 79 80 81 82 83 84
Subgraph ID: 7_2	68 69 70 71 72 73 75
Subgraph ID: 7_2	170 171 172 175 176 177 178
Subgraph ID: 7_10	134 135 136 154 155 156 160
Subgraph ID: 7_10	133 134 135 136 154 156 160
Subgraph ID: 6_6	134 135 136 154 156 160
Subgraph ID: 6_5	161 162 163 164 168 169
Subgraph ID: 6_5	161 162 163 164 165 168
Subgraph ID: 6_5	106 107 108 109 110 112
Subgraph ID: 6_5	105 106 107 108 109 112
Subgraph ID: 6_5	101 102 103 104 105 106
Subgraph ID: 6_4	57 58 59 60 62 64
Subgraph ID: 6_4	26 27 28 34 35 41
Subgraph ID: 6_3	67 68 69 70 71 75
Subgraph ID: 6_3	170 171 172 173 175 176
Subgraph ID: 6_2	79 80 81 82 83 84
Subgraph ID: 6_2	68 69 70 71 72 75
Subgraph ID: 6_2	170 171 172 175 176 177
Subgraph ID: 6_2	170 171 172 173 174 175
Subgraph ID: 6_2	138 139 140 141 142 143
Subgraph ID: 6_1	35 36 37 38 39 40
Subgraph ID: 6_1	28 29 30 31 32 33
Subgraph ID: 5_3	161 162 163 164 168
Subgraph ID: 5_3	106 107 108 109 112
Subgraph ID: 5_3	101 102 103 104 105
Subgraph ID: 5_2	95 96 97 98 99
Subgraph ID: 5_2	80 81 82 83 84
Subgraph ID: 5_2	68 69 70 71 75
Subgraph ID: 5_2	67 68 69 70 75
Subgraph ID: 5_2	170 171 172 175 176
Subgraph ID: 5_2	170 171 172 173 175
Subgraph ID: 5_2	17 18 19 20 21
Subgraph ID: 5_2	138 139 140 141 142
Subgraph ID: 5_1	70 71 72 73 74
Subgraph ID: 5_1	36 37 38 39 40
Subgraph ID: 5_1	35 36 37 38 39
Subgraph ID: 5_1	29 30 31 32 33
Subgraph ID: 5_1	28 29 30 31 32
Subgraph ID: 5_1	179 180 181 182 183
Subgraph ID: 5_1	125 126 127 128 129
Subgraph ID: 4_2	95 96 97 98
Subgraph ID: 4_2	81 82 83 84
Subgraph ID: 4_2	68 69 70 75
Subgraph ID: 4_2	18 19 20 21
Subgraph ID: 4_2	170 171 172 175
Subgraph ID: 4_2	156 157 158 159
Subgraph ID: 4_2	138 139 140 141
Subgraph ID: 4_1	78 79 80 81
Subgraph ID: 4_1	71 72 73 74
Subgraph ID: 4_1	70 71 72 73
Subgraph ID: 4_1	41 42 43 44
Subgraph ID: 4_1	37 38 39 40
Subgraph ID: 4_1	36 37 38 39
Subgraph ID: 4_1	35 36 37 38
Subgraph ID: 4_1	30 31 32 33
Subgraph ID: 4_1	29 30 31 32
Subgraph ID: 4_1	28 29 30 31
Subgraph ID: 4_1	180 181 182 183
Subgraph ID: 4_1	179 180 181 182
Subgraph ID: 4_1	175 176 177 178
Subgraph ID: 4_1	164 165 166 167
Subgraph ID: 4_1	126 127 128 129
Subgraph ID: 4_1	125 126 127 128
Subgraph ID: 3_1	79 80 81
Subgraph ID: 3_1	78 79 80
Subgraph ID: 3_1	72 73 74
Subgraph ID: 3_1	71 72 73
Subgraph ID: 3_1	70 71 72
Subgraph ID: 3_1	52 53 54
Subgraph ID: 3_1	42 43 44
Subgraph ID: 3_1	41 42 43
Subgraph ID: 3_1	38 39 40
Subgraph ID: 3_1	37 38 39
Subgraph ID: 3_1	36 37 38
Subgraph ID: 3_1	35 36 37
Subgraph ID: 3_1	31 32 33
Subgraph ID: 3_1	30 31 32
Subgraph ID: 3_1	29 30 31
Subgraph ID: 3_1	28 29 30
Subgraph ID: 3_1	181 182 183
Subgraph ID: 3_1	180 181 182
Subgraph ID: 3_1	179 180 181
Subgraph ID: 3_1	176 177 178
Subgraph ID: 3_1	175 176 177
Subgraph ID: 3_1	172 173 174
Subgraph ID: 3_1	165 166 167
Subgraph ID: 3_1	164 165 166
Subgraph ID: 3_1	141 142 143
Subgraph ID: 3_1	127 128 129
Subgraph ID: 3_1	126 127 128
Subgraph ID: 3_1	125 126 127
Subgraph ID: 3_1	109 110 111
Subgraph ID: 2_1	98 99
Subgraph ID: 2_1	92 93
Subgraph ID: 2_1	86 87
Subgraph ID: 2_1	80 81
Subgraph ID: 2_1	79 80
Subgraph ID: 2_1	78 79
Subgraph ID: 2_1	73 74
Subgraph ID: 2_1	72 73
Subgraph ID: 2_1	71 72
Subgraph ID: 2_1	70 71
Subgraph ID: 2_1	67 68
Subgraph ID: 2_1	62 63
Subgraph ID: 2_1	60 61
Subgraph ID: 2_1	55 56
Subgraph ID: 2_1	53 54
Subgraph ID: 2_1	52 53
Subgraph ID: 2_1	48 49
Subgraph ID: 2_1	43 44
Subgraph ID: 2_1	42 43
Subgraph ID: 2_1	41 42
Subgraph ID: 2_1	39 40
Subgraph ID: 2_1	38 39
Subgraph ID: 2_1	37 38
Subgraph ID: 2_1	36 37
Subgraph ID: 2_1	35 36
Subgraph ID: 2_1	32 33
Subgraph ID: 2_1	31 32
Subgraph ID: 2_1	30 31
Subgraph ID: 2_1	29 30
Subgraph ID: 2_1	28 29
Subgraph ID: 2_1	182 183
Subgraph ID: 2_1	181 182
Subgraph ID: 2_1	180 181
Subgraph ID: 2_1	179 180
Subgraph ID: 2_1	177 178
Subgraph ID: 2_1	176 177
Subgraph ID: 2_1	175 176
Subgraph ID: 2_1	173 174
Subgraph ID: 2_1	172 173
Subgraph ID: 2_1	17 18
Subgraph ID: 2_1	168 169
Subgraph ID: 2_1	166 167
Subgraph ID: 2_1	165 166
Subgraph ID: 2_1	164 165
Subgraph ID: 2_1	154 155
Subgraph ID: 2_1	152 153
Subgraph ID: 2_1	15 16
Subgraph ID: 2_1	149 150
Subgraph ID: 2_1	142 143
Subgraph ID: 2_1	141 142
Subgraph ID: 2_1	133 134
Subgraph ID: 2_1	128 129
Subgraph ID: 2_1	127 128
Subgraph ID: 2_1	126 127
Subgraph ID: 2_1	125 126
Subgraph ID: 2_1	122 123
Subgraph ID: 2_1	12 13
Subgraph ID: 2_1	118 119
Subgraph ID: 2_1	110 111
Subgraph ID: 2_1	109 110
Subgraph ID: 2_1	105 106
