Subgraph ID: 13_93	26 27 28 29 30 31 33 34 35 36 37 38 40
Subgraph ID: 13_93	26 27 28 29 30 31 32 33 34 40 41 42 43
Subgraph ID: 13_93	26 27 28 29 30 31 32 33 34 35 36 37 40
Subgraph ID: 13_918	112 113 114 115 117 118 119 121 122 123 124 127 128
Subgraph ID: 13_747	86 87 88 89 90 91 92 93 94 95 97 98 110
Subgraph ID: 13_674	26 27 28 29 33 34 35 36 37 40 41 42 43
Subgraph ID: 13_618	26 27 28 29 30 33 34 35 36 40 41 42 43
Subgraph ID: 13_618	26 27 28 29 30 33 34 35 36 37 40 41 42
Subgraph ID: 13_614	86 87 88 89 91 92 97 98 99 100 101 102 110
Subgraph ID: 13_60	26 27 28 29 30 33 34 35 36 37 38 39 40
Subgraph ID: 13_592	87 88 89 90 91 92 97 98 99 100 101 102 103
Subgraph ID: 13_523	86 87 88 89 91 92 93 94 95 96 97 98 110
Subgraph ID: 13_449	26 27 28 29 30 31 33 34 35 36 40 41 42
Subgraph ID: 13_391	26 27 28 29 33 34 35 36 37 38 40 41 42
Subgraph ID: 13_360	113 117 118 119 120 121 122 123 124 125 126 127 128
Subgraph ID: 13_295	26 27 28 29 30 31 33 34 35 40 41 42 43
Subgraph ID: 13_295	26 27 28 29 30 31 33 34 35 36 37 40 41
Subgraph ID: 13_289	26 27 28 33 34 35 36 37 38 40 41 42 43
Subgraph ID: 13_255	26 27 28 29 30 33 34 35 36 37 38 40 41
Subgraph ID: 13_200	26 27 28 29 30 31 32 33 34 35 40 41 42
Subgraph ID: 13_200	26 27 28 29 30 31 32 33 34 35 36 40 41
Subgraph ID: 13_151	26 27 28 33 34 35 36 37 38 39 40 41 42
Subgraph ID: 13_1292	133 134 135 141 142 143 144 145 146 147 148 149 150
Subgraph ID: 13_129	26 27 28 29 33 34 35 36 37 38 39 40 41
Subgraph ID: 13_1144	112 113 114 115 117 118 119 120 121 122 123 127 128
Subgraph ID: 13_1144	112 113 114 115 116 117 118 119 120 121 122 127 128
Subgraph ID: 13_1007	112 113 114 115 116 117 118 119 121 122 123 127 128
Subgraph ID: 12_76	26 27 28 29 30 31 32 33 34 35 40 41
Subgraph ID: 12_67	26 27 28 29 30 31 33 34 40 41 42 43
Subgraph ID: 12_67	26 27 28 29 30 31 33 34 35 36 37 40
Subgraph ID: 12_544	133 134 135 141 142 143 144 145 146 148 149 150
Subgraph ID: 12_544	133 134 135 141 142 143 144 145 146 147 148 149
Subgraph ID: 12_52	26 27 28 29 30 33 34 35 36 37 38 40
Subgraph ID: 12_52	26 27 28 29 30 31 32 33 34 40 41 42
Subgraph ID: 12_52	26 27 28 29 30 31 32 33 34 35 36 40
Subgraph ID: 12_499	112 113 114 115 117 118 119 120 121 122 127 128
Subgraph ID: 12_45	26 27 28 33 34 35 36 37 38 39 40 41
Subgraph ID: 12_437	112 113 114 115 117 118 119 121 122 123 127 128
Subgraph ID: 12_437	112 113 114 115 116 117 118 119 121 122 127 128
Subgraph ID: 12_374	0 86 87 88 89 90 91 92 97 98 110 111
Subgraph ID: 12_282	26 27 28 29 30 33 34 35 36 40 41 42
Subgraph ID: 12_275	26 27 28 29 33 34 35 36 40 41 42 43
Subgraph ID: 12_275	26 27 28 29 33 34 35 36 37 40 41 42
Subgraph ID: 12_27	26 27 28 29 33 34 35 36 37 38 39 40
Subgraph ID: 12_268	86 87 88 89 91 92 93 94 95 97 98 110
Subgraph ID: 12_265	87 88 89 90 91 92 97 98 99 100 101 102
Subgraph ID: 12_260	87 88 89 91 92 97 98 99 100 101 102 103
Subgraph ID: 12_254	113 117 118 119 120 121 122 123 124 125 127 128
Subgraph ID: 12_222	87 88 89 90 91 92 93 94 95 96 97 98
Subgraph ID: 12_196	26 27 28 33 34 35 36 37 40 41 42 43
Subgraph ID: 12_173	26 27 28 29 30 33 34 35 40 41 42 43
Subgraph ID: 12_173	26 27 28 29 30 33 34 35 36 37 40 41
Subgraph ID: 12_148	26 27 28 29 30 31 33 34 35 40 41 42
Subgraph ID: 12_148	26 27 28 29 30 31 33 34 35 36 40 41
Subgraph ID: 12_134	113 117 118 119 121 122 123 124 125 126 127 128
Subgraph ID: 12_124	26 27 28 33 34 35 36 37 38 40 41 42
Subgraph ID: 12_116	98 99 100 101 102 103 104 105 106 107 108 109
Subgraph ID: 12_110	26 27 28 29 33 34 35 36 37 38 40 41
Subgraph ID: 11_93	87 88 89 91 92 93 94 95 96 97 98
Subgraph ID: 11_92	26 27 28 33 34 35 36 40 41 42 43
Subgraph ID: 11_92	26 27 28 33 34 35 36 37 40 41 42
Subgraph ID: 11_81	26 27 28 29 33 34 35 40 41 42 43
Subgraph ID: 11_81	26 27 28 29 33 34 35 36 37 40 41
Subgraph ID: 11_60	26 27 28 29 30 31 33 34 35 40 41
Subgraph ID: 11_56	98 99 100 101 102 103 104 105 106 107 109
Subgraph ID: 11_40	26 27 28 33 34 35 36 37 38 40 41
Subgraph ID: 11_39	26 27 28 29 30 33 34 40 41 42 43
Subgraph ID: 11_39	26 27 28 29 30 33 34 35 36 37 40
Subgraph ID: 11_39	26 27 28 29 30 31 33 34 40 41 42
Subgraph ID: 11_39	26 27 28 29 30 31 33 34 35 36 40
Subgraph ID: 11_24	26 27 28 29 33 34 35 36 37 38 40
Subgraph ID: 11_24	26 27 28 29 30 31 32 33 34 40 41
Subgraph ID: 11_24	26 27 28 29 30 31 32 33 34 35 40
Subgraph ID: 11_229	133 134 135 141 142 143 144 145 146 148 149
Subgraph ID: 11_192	112 113 114 115 117 118 119 121 122 127 128
Subgraph ID: 11_161	130 131 132 133 151 152 153 154 155 156 157
Subgraph ID: 11_159	26 27 28 29 33 34 35 36 40 41 42
Subgraph ID: 11_153	113 117 118 119 120 121 122 123 124 127 128
Subgraph ID: 11_123	0 86 87 88 89 91 92 97 98 110 111
Subgraph ID: 11_117	87 88 89 91 92 97 98 99 100 101 102
Subgraph ID: 11_112	87 88 89 90 91 92 93 94 95 97 98
Subgraph ID: 11_101	113 117 118 119 121 122 123 124 125 127 128
Subgraph ID: 11_100	26 27 28 29 30 33 34 35 40 41 42
Subgraph ID: 11_100	26 27 28 29 30 33 34 35 36 40 41
Subgraph ID: 11_10	26 27 28 33 34 35 36 37 38 39 40
Subgraph ID: 10_82	86 87 88 89 90 91 92 97 98 110
Subgraph ID: 10_81	113 117 118 119 120 121 122 123 127 128
Subgraph ID: 10_68	113 117 118 119 121 122 123 124 127 128
Subgraph ID: 10_63	26 27 28 33 34 35 36 40 41 42
Subgraph ID: 10_61	131 132 133 151 152 153 154 155 156 157
Subgraph ID: 10_61	130 131 132 133 151 153 154 155 156 157
Subgraph ID: 10_54	26 27 28 29 33 34 35 40 41 42
Subgraph ID: 10_54	26 27 28 29 33 34 35 36 40 41
Subgraph ID: 10_53	87 88 89 91 92 93 94 95 97 98
Subgraph ID: 10_44	26 27 28 29 30 33 34 35 40 41
Subgraph ID: 10_34	26 27 28 33 34 35 40 41 42 43
Subgraph ID: 10_34	26 27 28 33 34 35 36 37 40 41
Subgraph ID: 10_28	26 27 28 29 30 33 34 40 41 42
Subgraph ID: 10_28	26 27 28 29 30 33 34 35 36 40
Subgraph ID: 10_24	98 99 100 101 102 103 104 105 106 109
Subgraph ID: 10_22	26 27 28 29 33 34 40 41 42 43
Subgraph ID: 10_22	26 27 28 29 33 34 35 36 37 40
Subgraph ID: 10_22	26 27 28 29 30 31 33 34 40 41
Subgraph ID: 10_22	26 27 28 29 30 31 33 34 35 40
Subgraph ID: 10_10	26 27 28 33 34 35 36 37 38 40
Subgraph ID: 10_10	26 27 28 29 30 31 32 33 34 40
Subgraph ID: 9_8	26 27 28 33 34 40 41 42 43
Subgraph ID: 9_8	26 27 28 33 34 35 36 37 40
Subgraph ID: 9_8	26 27 28 29 30 31 33 34 40
Subgraph ID: 9_6	167 168 169 170 171 172 173 174 175
Subgraph ID: 9_38	113 117 118 119 121 122 123 127 128
Subgraph ID: 9_38	113 117 118 119 120 121 122 127 128
Subgraph ID: 9_29	86 87 88 89 91 92 97 98 110
Subgraph ID: 9_28	26 27 28 29 33 34 35 40 41
Subgraph ID: 9_26	26 27 28 33 34 35 40 41 42
Subgraph ID: 9_26	26 27 28 33 34 35 36 40 41
Subgraph ID: 9_25	131 132 133 151 153 154 155 156 157
Subgraph ID: 9_15	26 27 28 29 33 34 40 41 42
Subgraph ID: 9_15	26 27 28 29 33 34 35 36 40
Subgraph ID: 9_15	26 27 28 29 30 33 34 40 41
Subgraph ID: 9_15	26 27 28 29 30 33 34 35 40
Subgraph ID: 9_13	158 159 160 161 162 163 164 165 166
Subgraph ID: 8_8	26 27 28 33 34 40 41 42
Subgraph ID: 8_8	26 27 28 33 34 35 36 40
Subgraph ID: 8_8	26 27 28 29 30 33 34 40
Subgraph ID: 8_6	158 159 160 161 162 163 164 165
Subgraph ID: 8_5	167 168 169 170 171 172 173 174
Subgraph ID: 8_3	65 66 67 68 69 70 71 72
Subgraph ID: 8_3	167 168 169 170 172 173 174 175
Subgraph ID: 8_21	130 131 132 133 151 152 153 157
Subgraph ID: 8_18	113 117 118 119 121 122 127 128
Subgraph ID: 8_16	55 56 57 58 59 60 61 62
Subgraph ID: 8_16	26 27 28 33 34 35 40 41
Subgraph ID: 8_15	87 88 89 90 91 92 97 98
Subgraph ID: 8_12	158 159 160 161 162 163 165 166
Subgraph ID: 8_12	102 103 104 105 106 107 108 109
Subgraph ID: 8_11	26 27 28 29 33 34 40 41
Subgraph ID: 8_11	26 27 28 29 33 34 35 40
Subgraph ID: 7_9	87 88 89 91 92 97 98
Subgraph ID: 7_7	158 159 160 161 162 165 166
Subgraph ID: 7_7	102 103 104 105 106 107 109
Subgraph ID: 7_6	55 56 57 58 60 61 62
Subgraph ID: 7_6	55 56 57 58 59 60 62
Subgraph ID: 7_6	26 27 28 33 34 40 41
Subgraph ID: 7_6	26 27 28 33 34 35 40
Subgraph ID: 7_6	26 27 28 29 33 34 40
Subgraph ID: 7_5	158 159 160 161 162 163 165
Subgraph ID: 7_5	103 104 105 106 107 108 109
Subgraph ID: 7_3	65 66 67 68 69 70 72
Subgraph ID: 7_3	167 168 169 170 172 173 174
Subgraph ID: 7_3	167 168 169 170 171 172 173
Subgraph ID: 7_2	75 76 77 78 79 80 81
Subgraph ID: 7_2	66 67 68 69 70 71 72
Subgraph ID: 7_2	167 168 169 172 173 174 175
Subgraph ID: 7_10	131 132 133 151 152 153 157
Subgraph ID: 7_10	130 131 132 133 151 153 157
Subgraph ID: 6_6	131 132 133 151 153 157
Subgraph ID: 6_5	98 99 100 101 102 103
Subgraph ID: 6_5	158 159 160 161 165 166
Subgraph ID: 6_5	158 159 160 161 162 165
Subgraph ID: 6_5	103 104 105 106 107 109
Subgraph ID: 6_5	102 103 104 105 106 109
Subgraph ID: 6_4	55 56 57 58 60 62
Subgraph ID: 6_4	26 27 28 33 34 40
Subgraph ID: 6_3	65 66 67 68 69 72
Subgraph ID: 6_3	167 168 169 170 172 173
Subgraph ID: 6_2	76 77 78 79 80 81
Subgraph ID: 6_2	66 67 68 69 70 72
Subgraph ID: 6_2	167 168 169 172 173 174
Subgraph ID: 6_2	167 168 169 170 171 172
Subgraph ID: 6_2	135 136 137 138 139 140
Subgraph ID: 6_1	34 35 36 37 38 39
Subgraph ID: 5_3	98 99 100 101 102
Subgraph ID: 5_3	158 159 160 161 165
Subgraph ID: 5_3	103 104 105 106 109
Subgraph ID: 5_2	92 93 94 95 96
Subgraph ID: 5_2	77 78 79 80 81
Subgraph ID: 5_2	66 67 68 69 72
Subgraph ID: 5_2	65 66 67 68 72
Subgraph ID: 5_2	17 18 19 20 21
Subgraph ID: 5_2	167 168 169 172 173
Subgraph ID: 5_2	167 168 169 170 172
Subgraph ID: 5_2	135 136 137 138 139
Subgraph ID: 5_1	35 36 37 38 39
Subgraph ID: 5_1	34 35 36 37 38
Subgraph ID: 5_1	28 29 30 31 32
Subgraph ID: 5_1	176 177 178 179 180
Subgraph ID: 5_1	122 123 124 125 126
Subgraph ID: 4_2	92 93 94 95
Subgraph ID: 4_2	78 79 80 81
Subgraph ID: 4_2	66 67 68 72
Subgraph ID: 4_2	18 19 20 21
Subgraph ID: 4_2	167 168 169 172
Subgraph ID: 4_2	153 154 155 156
Subgraph ID: 4_2	135 136 137 138
Subgraph ID: 4_1	75 76 77 78
Subgraph ID: 4_1	68 69 70 71
Subgraph ID: 4_1	40 41 42 43
Subgraph ID: 4_1	36 37 38 39
Subgraph ID: 4_1	35 36 37 38
Subgraph ID: 4_1	34 35 36 37
Subgraph ID: 4_1	29 30 31 32
Subgraph ID: 4_1	28 29 30 31
Subgraph ID: 4_1	177 178 179 180
Subgraph ID: 4_1	176 177 178 179
Subgraph ID: 4_1	172 173 174 175
Subgraph ID: 4_1	161 162 163 164
Subgraph ID: 4_1	123 124 125 126
Subgraph ID: 4_1	122 123 124 125
Subgraph ID: 3_1	76 77 78
Subgraph ID: 3_1	75 76 77
Subgraph ID: 3_1	69 70 71
Subgraph ID: 3_1	68 69 70
Subgraph ID: 3_1	51 52 53
Subgraph ID: 3_1	41 42 43
Subgraph ID: 3_1	40 41 42
Subgraph ID: 3_1	37 38 39
Subgraph ID: 3_1	36 37 38
Subgraph ID: 3_1	35 36 37
Subgraph ID: 3_1	34 35 36
Subgraph ID: 3_1	30 31 32
Subgraph ID: 3_1	29 30 31
Subgraph ID: 3_1	28 29 30
Subgraph ID: 3_1	178 179 180
Subgraph ID: 3_1	177 178 179
Subgraph ID: 3_1	176 177 178
Subgraph ID: 3_1	173 174 175
Subgraph ID: 3_1	172 173 174
Subgraph ID: 3_1	169 170 171
Subgraph ID: 3_1	162 163 164
Subgraph ID: 3_1	161 162 163
Subgraph ID: 3_1	138 139 140
Subgraph ID: 3_1	124 125 126
Subgraph ID: 3_1	123 124 125
Subgraph ID: 3_1	122 123 124
Subgraph ID: 3_1	106 107 108
Subgraph ID: 2_1	95 96
Subgraph ID: 2_1	89 90
Subgraph ID: 2_1	83 84
Subgraph ID: 2_1	77 78
Subgraph ID: 2_1	76 77
Subgraph ID: 2_1	75 76
Subgraph ID: 2_1	70 71
Subgraph ID: 2_1	69 70
Subgraph ID: 2_1	68 69
Subgraph ID: 2_1	65 66
Subgraph ID: 2_1	60 61
Subgraph ID: 2_1	58 59
Subgraph ID: 2_1	52 53
Subgraph ID: 2_1	51 52
Subgraph ID: 2_1	47 48
Subgraph ID: 2_1	42 43
Subgraph ID: 2_1	41 42
Subgraph ID: 2_1	40 41
Subgraph ID: 2_1	38 39
Subgraph ID: 2_1	37 38
Subgraph ID: 2_1	36 37
Subgraph ID: 2_1	35 36
Subgraph ID: 2_1	34 35
Subgraph ID: 2_1	31 32
Subgraph ID: 2_1	30 31
Subgraph ID: 2_1	29 30
Subgraph ID: 2_1	28 29
Subgraph ID: 2_1	179 180
Subgraph ID: 2_1	178 179
Subgraph ID: 2_1	177 178
Subgraph ID: 2_1	176 177
Subgraph ID: 2_1	174 175
Subgraph ID: 2_1	173 174
Subgraph ID: 2_1	172 173
Subgraph ID: 2_1	170 171
Subgraph ID: 2_1	17 18
Subgraph ID: 2_1	169 170
Subgraph ID: 2_1	165 166
Subgraph ID: 2_1	163 164
Subgraph ID: 2_1	162 163
Subgraph ID: 2_1	161 162
Subgraph ID: 2_1	151 152
Subgraph ID: 2_1	15 16
Subgraph ID: 2_1	149 150
Subgraph ID: 2_1	146 147
Subgraph ID: 2_1	139 140
Subgraph ID: 2_1	138 139
Subgraph ID: 2_1	130 131
Subgraph ID: 2_1	125 126
Subgraph ID: 2_1	124 125
Subgraph ID: 2_1	123 124
Subgraph ID: 2_1	122 123
Subgraph ID: 2_1	12 13
Subgraph ID: 2_1	119 120
Subgraph ID: 2_1	115 116
Subgraph ID: 2_1	107 108
Subgraph ID: 2_1	106 107
Subgraph ID: 2_1	102 103
