Subgraph ID: 13_999	60 61 62 63 65 66 67 68 69 70 71 72 82
Subgraph ID: 13_991	60 61 62 63 64 65 66 67 69 70 71 72 82
Subgraph ID: 13_991	60 61 62 63 64 65 66 67 68 69 70 71 82
Subgraph ID: 13_918	84 85 86 87 90 91 92 94 95 96 97 100 101
Subgraph ID: 13_918	84 85 86 87 88 89 90 91 92 94 95 100 101
Subgraph ID: 13_874	58 60 61 62 63 64 65 66 69 70 71 82 83
Subgraph ID: 13_874	58 60 61 62 63 64 65 66 67 69 70 82 83
Subgraph ID: 13_850	61 62 63 64 65 66 67 68 69 70 71 72 73
Subgraph ID: 13_746	58 60 61 62 63 65 66 67 69 70 71 82 83
Subgraph ID: 13_711	60 61 62 63 65 66 67 69 70 71 72 73 82
Subgraph ID: 13_622	60 61 62 63 64 65 66 69 70 71 72 73 82
Subgraph ID: 13_608	58 60 61 62 63 65 66 69 70 71 72 82 83
Subgraph ID: 13_608	58 60 61 62 63 65 66 67 68 69 70 82 83
Subgraph ID: 13_461	61 62 63 65 66 67 68 69 70 71 72 73 74
Subgraph ID: 13_423	61 62 63 64 65 66 67 69 70 71 72 73 74
Subgraph ID: 13_360	85 90 91 92 93 94 95 96 97 98 99 100 101
Subgraph ID: 13_306	60 61 62 63 65 66 69 70 71 72 73 74 82
Subgraph ID: 13_1289	4 5 6 9 10 11 12 13 14 16 17 21 22
Subgraph ID: 13_1144	84 85 86 87 90 91 92 93 94 95 96 100 101
Subgraph ID: 13_1144	84 85 86 87 88 90 91 92 93 94 95 100 101
Subgraph ID: 13_1127	106 107 108 109 110 112 114 115 116 117 118 120 121
Subgraph ID: 13_1007	84 85 86 87 88 90 91 92 94 95 96 100 101
Subgraph ID: 12_68	70 71 72 73 74 75 76 77 78 79 80 81
Subgraph ID: 12_499	84 85 86 87 90 91 92 93 94 95 100 101
Subgraph ID: 12_445	61 62 63 64 65 66 67 68 69 70 71 72
Subgraph ID: 12_441	60 61 62 63 64 65 66 67 69 70 71 82
Subgraph ID: 12_437	84 85 86 87 90 91 92 94 95 96 100 101
Subgraph ID: 12_437	84 85 86 87 88 90 91 92 94 95 100 101
Subgraph ID: 12_379	60 61 62 63 65 66 67 69 70 71 72 82
Subgraph ID: 12_379	60 61 62 63 65 66 67 68 69 70 71 82
Subgraph ID: 12_374	58 60 61 62 63 64 65 66 69 70 82 83
Subgraph ID: 12_358	60 61 62 63 64 65 66 69 70 71 72 82
Subgraph ID: 12_358	60 61 62 63 64 65 66 67 68 69 70 82
Subgraph ID: 12_316	61 62 63 65 66 67 68 69 70 71 72 73
Subgraph ID: 12_286	61 62 63 64 65 66 67 69 70 71 72 73
Subgraph ID: 12_285	58 60 61 62 63 65 66 69 70 71 82 83
Subgraph ID: 12_285	58 60 61 62 63 65 66 67 69 70 82 83
Subgraph ID: 12_254	85 90 91 92 93 94 95 96 97 98 100 101
Subgraph ID: 12_212	60 61 62 63 65 66 69 70 71 72 73 82
Subgraph ID: 12_152	61 62 63 65 66 67 69 70 71 72 73 74
Subgraph ID: 12_134	85 90 91 92 94 95 96 97 98 99 100 101
Subgraph ID: 12_114	61 62 63 64 65 66 69 70 71 72 73 74
Subgraph ID: 11_82	61 62 63 64 65 66 69 70 71 72 73
Subgraph ID: 11_45	71 72 73 74 75 76 77 78 79 80 81
Subgraph ID: 11_42	61 62 63 65 66 69 70 71 72 73 74
Subgraph ID: 11_33	70 71 72 73 74 75 76 77 78 79 81
Subgraph ID: 11_228	106 107 108 114 115 116 117 118 119 120 121
Subgraph ID: 11_192	84 85 86 87 90 91 92 94 95 100 101
Subgraph ID: 11_179	61 62 63 65 66 67 68 69 70 71 72
Subgraph ID: 11_174	60 61 62 63 64 65 66 69 70 71 82
Subgraph ID: 11_174	60 61 62 63 64 65 66 67 69 70 82
Subgraph ID: 11_164	60 61 62 63 65 66 67 69 70 71 82
Subgraph ID: 11_163	61 62 63 64 65 66 67 69 70 71 72
Subgraph ID: 11_163	61 62 63 64 65 66 67 68 69 70 71
Subgraph ID: 11_153	85 90 91 92 93 94 95 96 97 100 101
Subgraph ID: 11_125	60 61 62 63 65 66 69 70 71 72 82
Subgraph ID: 11_125	60 61 62 63 65 66 67 68 69 70 82
Subgraph ID: 11_123	58 60 61 62 63 65 66 69 70 82 83
Subgraph ID: 11_114	61 62 63 65 66 67 69 70 71 72 73
Subgraph ID: 11_107	103 104 105 106 122 123 124 125 126 127 128
Subgraph ID: 11_101	85 90 91 92 94 95 96 97 98 100 101
Subgraph ID: 10_82	60 61 62 63 64 65 66 69 70 82
Subgraph ID: 10_81	85 90 91 92 93 94 95 96 100 101
Subgraph ID: 10_79	61 62 63 64 65 66 67 69 70 71
Subgraph ID: 10_77	61 62 63 65 66 67 69 70 71 72
Subgraph ID: 10_77	61 62 63 65 66 67 68 69 70 71
Subgraph ID: 10_68	85 90 91 92 94 95 96 97 100 101
Subgraph ID: 10_66	60 61 62 63 65 66 69 70 71 82
Subgraph ID: 10_66	60 61 62 63 65 66 67 69 70 82
Subgraph ID: 10_58	103 104 105 106 122 123 124 125 126 128
Subgraph ID: 10_55	61 62 63 64 65 66 69 70 71 72
Subgraph ID: 10_55	61 62 63 64 65 66 67 68 69 70
Subgraph ID: 10_38	104 105 106 122 123 124 125 126 127 128
Subgraph ID: 10_38	103 104 105 106 122 124 125 126 127 128
Subgraph ID: 10_35	61 62 63 65 66 69 70 71 72 73
Subgraph ID: 10_30	72 73 74 75 76 77 78 79 80 81
Subgraph ID: 10_30	71 72 73 74 75 76 77 78 79 81
Subgraph ID: 10_15	70 71 72 73 74 75 76 77 78 81
Subgraph ID: 10_101	106 107 108 114 115 116 117 118 120 121
Subgraph ID: 9_5	70 71 72 73 74 75 76 77 81
Subgraph ID: 9_39	61 62 63 65 66 67 69 70 71
Subgraph ID: 9_38	85 90 91 92 94 95 96 100 101
Subgraph ID: 9_38	85 90 91 92 93 94 95 100 101
Subgraph ID: 9_31	61 62 63 64 65 66 69 70 71
Subgraph ID: 9_31	61 62 63 64 65 66 67 69 70
Subgraph ID: 9_29	60 61 62 63 65 66 69 70 82
Subgraph ID: 9_27	61 62 63 65 66 69 70 71 72
Subgraph ID: 9_27	61 62 63 65 66 67 68 69 70
Subgraph ID: 9_22	104 105 106 122 123 124 125 126 128
Subgraph ID: 9_22	103 104 105 106 122 124 125 126 128
Subgraph ID: 9_20	72 73 74 75 76 77 78 79 81
Subgraph ID: 9_17	104 105 106 122 124 125 126 127 128
Subgraph ID: 9_13	73 74 75 76 77 78 79 80 81
Subgraph ID: 9_13	71 72 73 74 75 76 77 78 81
Subgraph ID: 9_13	129 130 131 132 133 134 135 136 137
Subgraph ID: 8_9	104 105 106 122 124 125 126 128
Subgraph ID: 8_6	74 75 76 77 78 79 80 81
Subgraph ID: 8_6	71 72 73 74 75 76 77 81
Subgraph ID: 8_6	129 130 131 132 133 134 135 136
Subgraph ID: 8_18	85 90 91 92 94 95 100 101
Subgraph ID: 8_17	61 62 63 65 66 69 70 71
Subgraph ID: 8_17	61 62 63 65 66 67 69 70
Subgraph ID: 8_15	61 62 63 64 65 66 69 70
Subgraph ID: 8_12	73 74 75 76 77 78 79 81
Subgraph ID: 8_12	72 73 74 75 76 77 78 81
Subgraph ID: 8_12	129 130 131 132 133 134 136 137
Subgraph ID: 8_1	47 48 49 50 51 52 53 54
Subgraph ID: 7_9	61 62 63 65 66 69 70
Subgraph ID: 7_7	73 74 75 76 77 78 81
Subgraph ID: 7_7	129 130 131 132 133 136 137
Subgraph ID: 7_7	103 104 105 106 122 123 124
Subgraph ID: 7_6	27 33 34 35 36 37 38
Subgraph ID: 7_5	74 75 76 77 78 79 81
Subgraph ID: 7_5	72 73 74 75 76 77 81
Subgraph ID: 7_5	129 130 131 132 133 134 136
Subgraph ID: 7_1	48 49 50 51 52 53 54
Subgraph ID: 7_1	47 48 49 50 51 52 53
Subgraph ID: 6_5	74 75 76 77 78 81
Subgraph ID: 6_5	73 74 75 76 77 81
Subgraph ID: 6_5	129 130 131 132 136 137
Subgraph ID: 6_5	129 130 131 132 133 136
Subgraph ID: 6_5	104 105 106 122 123 124
Subgraph ID: 6_5	103 104 105 106 122 124
Subgraph ID: 6_4	27 33 34 35 37 38
Subgraph ID: 6_4	1 2 3 4 23 24
Subgraph ID: 6_3	108 109 110 111 112 113
Subgraph ID: 6_1	49 50 51 52 53 54
Subgraph ID: 6_1	48 49 50 51 52 53
Subgraph ID: 6_1	47 48 49 50 51 52
Subgraph ID: 5_3	74 75 76 77 81
Subgraph ID: 5_3	129 130 131 132 136
Subgraph ID: 5_3	104 105 106 122 124
Subgraph ID: 5_2	124 125 126 127 128
Subgraph ID: 5_2	108 109 110 112 113
Subgraph ID: 5_2	108 109 110 111 112
Subgraph ID: 5_1	95 96 97 98 99
Subgraph ID: 5_1	70 71 72 73 74
Subgraph ID: 5_1	50 51 52 53 54
Subgraph ID: 5_1	49 50 51 52 53
Subgraph ID: 5_1	48 49 50 51 52
Subgraph ID: 5_1	47 48 49 50 51
Subgraph ID: 4_2	17 18 19 20
Subgraph ID: 4_2	124 125 126 128
Subgraph ID: 4_2	108 109 110 112
Subgraph ID: 4_1	96 97 98 99
Subgraph ID: 4_1	95 96 97 98
Subgraph ID: 4_1	77 78 79 80
Subgraph ID: 4_1	71 72 73 74
Subgraph ID: 4_1	70 71 72 73
Subgraph ID: 4_1	51 52 53 54
Subgraph ID: 4_1	50 51 52 53
Subgraph ID: 4_1	49 50 51 52
Subgraph ID: 4_1	48 49 50 51
Subgraph ID: 4_1	47 48 49 50
Subgraph ID: 4_1	41 42 43 44
Subgraph ID: 4_1	132 133 134 135
Subgraph ID: 3_1	97 98 99
Subgraph ID: 3_1	96 97 98
Subgraph ID: 3_1	95 96 97
Subgraph ID: 3_1	87 88 89
Subgraph ID: 3_1	78 79 80
Subgraph ID: 3_1	77 78 79
Subgraph ID: 3_1	72 73 74
Subgraph ID: 3_1	71 72 73
Subgraph ID: 3_1	70 71 72
Subgraph ID: 3_1	66 67 68
Subgraph ID: 3_1	6 7 8
Subgraph ID: 3_1	52 53 54
Subgraph ID: 3_1	51 52 53
Subgraph ID: 3_1	50 51 52
Subgraph ID: 3_1	49 50 51
Subgraph ID: 3_1	48 49 50
Subgraph ID: 3_1	47 48 49
Subgraph ID: 3_1	42 43 44
Subgraph ID: 3_1	41 42 43
Subgraph ID: 3_1	140 141 142
Subgraph ID: 3_1	133 134 135
Subgraph ID: 3_1	132 133 134
Subgraph ID: 2_1	98 99
Subgraph ID: 2_1	97 98
Subgraph ID: 2_1	96 97
Subgraph ID: 2_1	95 96
Subgraph ID: 2_1	92 93
Subgraph ID: 2_1	88 89
Subgraph ID: 2_1	87 88
Subgraph ID: 2_1	79 80
Subgraph ID: 2_1	78 79
Subgraph ID: 2_1	77 78
Subgraph ID: 2_1	73 74
Subgraph ID: 2_1	72 73
Subgraph ID: 2_1	71 72
Subgraph ID: 2_1	70 71
Subgraph ID: 2_1	7 8
Subgraph ID: 2_1	67 68
Subgraph ID: 2_1	66 67
Subgraph ID: 2_1	63 64
Subgraph ID: 2_1	6 7
Subgraph ID: 2_1	56 57
Subgraph ID: 2_1	53 54
Subgraph ID: 2_1	52 53
Subgraph ID: 2_1	51 52
Subgraph ID: 2_1	50 51
Subgraph ID: 2_1	49 50
Subgraph ID: 2_1	48 49
Subgraph ID: 2_1	47 48
Subgraph ID: 2_1	43 44
Subgraph ID: 2_1	42 43
Subgraph ID: 2_1	41 42
Subgraph ID: 2_1	35 36
Subgraph ID: 2_1	29 30
Subgraph ID: 2_1	25 26
Subgraph ID: 2_1	141 142
Subgraph ID: 2_1	140 141
Subgraph ID: 2_1	14 15
Subgraph ID: 2_1	136 137
Subgraph ID: 2_1	134 135
Subgraph ID: 2_1	133 134
Subgraph ID: 2_1	132 133
Subgraph ID: 2_1	126 127
Subgraph ID: 2_1	122 123
Subgraph ID: 2_1	118 119
Subgraph ID: 2_1	112 113
Subgraph ID: 2_1	110 111
Subgraph ID: 2_1	103 104
