Subgraph ID: 13_999	64 65 66 67 69 70 71 72 73 74 75 76 78
Subgraph ID: 13_991	64 65 66 67 68 69 70 71 73 74 75 76 78
Subgraph ID: 13_991	64 65 66 67 68 69 70 71 72 73 74 75 78
Subgraph ID: 13_920	80 81 82 83 84 85 86 87 88 89 90 91 92
Subgraph ID: 13_874	62 64 65 66 67 68 69 70 73 74 75 78 79
Subgraph ID: 13_874	62 64 65 66 67 68 69 70 71 73 74 78 79
Subgraph ID: 13_850	65 66 67 68 69 70 71 72 73 74 75 76 77
Subgraph ID: 13_792	94 95 96 110 111 112 113 114 115 116 117 118 119
Subgraph ID: 13_746	62 64 65 66 67 69 70 71 73 74 75 78 79
Subgraph ID: 13_711	64 65 66 67 69 70 71 73 74 75 76 77 78
Subgraph ID: 13_622	64 65 66 67 68 69 70 73 74 75 76 77 78
Subgraph ID: 13_608	62 64 65 66 67 69 70 73 74 75 76 78 79
Subgraph ID: 13_608	62 64 65 66 67 69 70 71 72 73 74 78 79
Subgraph ID: 13_1268	96 97 98 99 100 102 103 104 105 106 107 108 109
Subgraph ID: 13_1049	96 97 98 99 100 101 102 103 104 106 107 108 109
Subgraph ID: 13_1049	96 97 98 99 100 101 102 103 104 105 106 108 109
Subgraph ID: 12_547	96 97 98 99 102 103 104 105 106 107 108 109
Subgraph ID: 12_527	96 97 98 99 100 102 103 104 106 107 108 109
Subgraph ID: 12_527	96 97 98 99 100 102 103 104 105 106 108 109
Subgraph ID: 12_462	80 81 82 83 84 85 86 87 88 89 90 92
Subgraph ID: 12_445	65 66 67 68 69 70 71 72 73 74 75 76
Subgraph ID: 12_441	64 65 66 67 68 69 70 71 73 74 75 78
Subgraph ID: 12_402	96 97 98 99 100 101 102 103 104 106 108 109
Subgraph ID: 12_395	94 95 96 110 111 112 113 114 115 117 118 119
Subgraph ID: 12_379	64 65 66 67 69 70 71 73 74 75 76 78
Subgraph ID: 12_379	64 65 66 67 69 70 71 72 73 74 75 78
Subgraph ID: 12_374	62 64 65 66 67 68 69 70 73 74 78 79
Subgraph ID: 12_358	64 65 66 67 68 69 70 73 74 75 76 78
Subgraph ID: 12_358	64 65 66 67 68 69 70 71 72 73 74 78
Subgraph ID: 12_327	94 95 96 110 111 113 114 115 116 117 118 119
Subgraph ID: 12_317	80 81 82 83 84 85 86 88 89 90 91 92
Subgraph ID: 12_316	65 66 67 69 70 71 72 73 74 75 76 77
Subgraph ID: 12_286	65 66 67 68 69 70 71 73 74 75 76 77
Subgraph ID: 12_285	62 64 65 66 67 69 70 73 74 75 78 79
Subgraph ID: 12_285	62 64 65 66 67 69 70 71 73 74 78 79
Subgraph ID: 12_262	94 95 96 110 111 112 113 114 115 116 117 118
Subgraph ID: 12_212	64 65 66 67 69 70 73 74 75 76 77 78
Subgraph ID: 11_82	65 66 67 68 69 70 73 74 75 76 77
Subgraph ID: 11_230	96 97 98 99 102 103 104 106 107 108 109
Subgraph ID: 11_230	96 97 98 99 102 103 104 105 106 108 109
Subgraph ID: 11_230	96 97 98 102 103 104 105 106 107 108 109
Subgraph ID: 11_215	96 97 98 99 100 102 103 104 106 108 109
Subgraph ID: 11_209	80 81 82 83 84 85 86 87 88 89 92
Subgraph ID: 11_179	65 66 67 69 70 71 72 73 74 75 76
Subgraph ID: 11_174	64 65 66 67 68 69 70 73 74 75 78
Subgraph ID: 11_174	64 65 66 67 68 69 70 71 73 74 78
Subgraph ID: 11_169	80 81 82 83 84 85 86 88 89 90 92
Subgraph ID: 11_164	64 65 66 67 69 70 71 73 74 75 78
Subgraph ID: 11_163	65 66 67 68 69 70 71 73 74 75 76
Subgraph ID: 11_163	65 66 67 68 69 70 71 72 73 74 75
Subgraph ID: 11_161	94 95 96 110 111 113 114 115 117 118 119
Subgraph ID: 11_135	94 95 96 110 111 112 113 114 115 117 118
Subgraph ID: 11_125	64 65 66 67 69 70 73 74 75 76 78
Subgraph ID: 11_125	64 65 66 67 69 70 71 72 73 74 78
Subgraph ID: 11_123	62 64 65 66 67 69 70 73 74 78 79
Subgraph ID: 11_115	94 95 96 110 113 114 115 116 117 118 119
Subgraph ID: 11_115	94 95 96 110 111 113 114 115 116 117 118
Subgraph ID: 11_114	65 66 67 69 70 71 73 74 75 76 77
Subgraph ID: 10_85	80 81 82 83 84 85 86 88 89 92
Subgraph ID: 10_82	64 65 66 67 68 69 70 73 74 78
Subgraph ID: 10_79	65 66 67 68 69 70 71 73 74 75
Subgraph ID: 10_77	65 66 67 69 70 71 73 74 75 76
Subgraph ID: 10_77	65 66 67 69 70 71 72 73 74 75
Subgraph ID: 10_66	64 65 66 67 69 70 73 74 75 78
Subgraph ID: 10_66	64 65 66 67 69 70 71 73 74 78
Subgraph ID: 10_61	94 95 96 110 113 114 115 117 118 119
Subgraph ID: 10_61	94 95 96 110 111 113 114 115 117 118
Subgraph ID: 10_55	65 66 67 68 69 70 73 74 75 76
Subgraph ID: 10_55	65 66 67 68 69 70 71 72 73 74
Subgraph ID: 10_48	81 84 85 86 87 88 89 90 91 92
Subgraph ID: 10_46	94 95 96 110 113 114 115 116 117 118
Subgraph ID: 10_35	65 66 67 69 70 73 74 75 76 77
Subgraph ID: 10_105	96 97 98 99 102 103 104 106 108 109
Subgraph ID: 10_105	96 97 98 102 103 104 106 107 108 109
Subgraph ID: 10_105	96 97 98 102 103 104 105 106 108 109
Subgraph ID: 9_47	96 97 98 102 103 104 106 108 109
Subgraph ID: 9_39	65 66 67 69 70 71 73 74 75
Subgraph ID: 9_37	5 6 7 8 9 10 11 12 13
Subgraph ID: 9_32	94 95 96 110 111 112 113 118 119
Subgraph ID: 9_31	81 84 85 86 87 88 89 90 92
Subgraph ID: 9_31	65 66 67 68 69 70 73 74 75
Subgraph ID: 9_31	65 66 67 68 69 70 71 73 74
Subgraph ID: 9_29	64 65 66 67 69 70 73 74 78
Subgraph ID: 9_27	65 66 67 69 70 73 74 75 76
Subgraph ID: 9_27	65 66 67 69 70 71 72 73 74
Subgraph ID: 9_25	94 95 96 110 113 114 115 117 118
Subgraph ID: 9_21	81 84 85 86 88 89 90 91 92
Subgraph ID: 9_13	120 121 122 123 124 125 126 127 128
Subgraph ID: 8_6	120 121 122 123 124 125 126 127
Subgraph ID: 8_21	94 95 96 110 111 113 118 119
Subgraph ID: 8_19	5 6 7 8 9 11 12 13
Subgraph ID: 8_17	81 84 85 86 87 88 89 92
Subgraph ID: 8_17	65 66 67 69 70 73 74 75
Subgraph ID: 8_17	65 66 67 69 70 71 73 74
Subgraph ID: 8_15	81 84 85 86 88 89 90 92
Subgraph ID: 8_15	65 66 67 68 69 70 73 74
Subgraph ID: 8_14	94 95 96 110 111 112 113 118
Subgraph ID: 8_12	120 121 122 123 124 125 127 128
Subgraph ID: 7_9	81 84 85 86 88 89 92
Subgraph ID: 7_9	65 66 67 69 70 73 74
Subgraph ID: 7_7	120 121 122 123 124 127 128
Subgraph ID: 7_6	38 39 40 41 42 43 44
Subgraph ID: 7_5	120 121 122 123 124 125 127
Subgraph ID: 7_10	94 95 96 110 113 118 119
Subgraph ID: 7_10	94 95 96 110 111 113 118
Subgraph ID: 6_6	94 95 96 110 113 118
Subgraph ID: 6_5	120 121 122 123 127 128
Subgraph ID: 6_5	120 121 122 123 124 127
Subgraph ID: 6_4	38 39 40 41 43 44
Subgraph ID: 6_4	1 2 3 4 28 29
Subgraph ID: 6_2	20 21 22 23 24 25
Subgraph ID: 5_3	120 121 122 123 127
Subgraph ID: 5_2	21 22 23 24 25
Subgraph ID: 5_2	113 114 115 116 117
Subgraph ID: 5_1	54 55 56 57 58
Subgraph ID: 5_1	47 48 49 50 51
Subgraph ID: 4_2	22 23 24 25
Subgraph ID: 4_2	113 114 115 117
Subgraph ID: 4_1	98 99 100 101
Subgraph ID: 4_1	74 75 76 77
Subgraph ID: 4_1	55 56 57 58
Subgraph ID: 4_1	54 55 56 57
Subgraph ID: 4_1	48 49 50 51
Subgraph ID: 4_1	47 48 49 50
Subgraph ID: 4_1	123 124 125 126
Subgraph ID: 3_1	99 100 101
Subgraph ID: 3_1	98 99 100
Subgraph ID: 3_1	89 90 91
Subgraph ID: 3_1	75 76 77
Subgraph ID: 3_1	74 75 76
Subgraph ID: 3_1	70 71 72
Subgraph ID: 3_1	56 57 58
Subgraph ID: 3_1	55 56 57
Subgraph ID: 3_1	54 55 56
Subgraph ID: 3_1	49 50 51
Subgraph ID: 3_1	48 49 50
Subgraph ID: 3_1	47 48 49
Subgraph ID: 3_1	20 21 22
Subgraph ID: 3_1	132 133 134
Subgraph ID: 3_1	124 125 126
Subgraph ID: 3_1	123 124 125
Subgraph ID: 3_1	110 111 112
Subgraph ID: 2_1	99 100
Subgraph ID: 2_1	98 99
Subgraph ID: 2_1	90 91
Subgraph ID: 2_1	9 10
Subgraph ID: 2_1	89 90
Subgraph ID: 2_1	86 87
Subgraph ID: 2_1	76 77
Subgraph ID: 2_1	75 76
Subgraph ID: 2_1	74 75
Subgraph ID: 2_1	71 72
Subgraph ID: 2_1	70 71
Subgraph ID: 2_1	67 68
Subgraph ID: 2_1	60 61
Subgraph ID: 2_1	57 58
Subgraph ID: 2_1	56 57
Subgraph ID: 2_1	55 56
Subgraph ID: 2_1	54 55
Subgraph ID: 2_1	50 51
Subgraph ID: 2_1	49 50
Subgraph ID: 2_1	48 49
Subgraph ID: 2_1	47 48
Subgraph ID: 2_1	41 42
Subgraph ID: 2_1	34 35
Subgraph ID: 2_1	30 31
Subgraph ID: 2_1	21 22
Subgraph ID: 2_1	20 21
Subgraph ID: 2_1	16 17
Subgraph ID: 2_1	133 134
Subgraph ID: 2_1	132 133
Subgraph ID: 2_1	127 128
Subgraph ID: 2_1	125 126
Subgraph ID: 2_1	124 125
Subgraph ID: 2_1	123 124
Subgraph ID: 2_1	118 119
Subgraph ID: 2_1	115 116
Subgraph ID: 2_1	111 112
Subgraph ID: 2_1	110 111
Subgraph ID: 2_1	106 107
Subgraph ID: 2_1	104 105
Subgraph ID: 2_1	100 101
