Subgraph ID: 13_999	62 63 64 65 67 68 69 70 71 72 73 74 84
Subgraph ID: 13_991	62 63 64 65 66 67 68 69 71 72 73 74 84
Subgraph ID: 13_991	62 63 64 65 66 67 68 69 70 71 72 73 84
Subgraph ID: 13_918	86 87 88 89 91 92 93 95 96 97 98 102 103
Subgraph ID: 13_874	1 62 63 64 65 66 67 68 71 72 73 84 85
Subgraph ID: 13_874	1 62 63 64 65 66 67 68 69 71 72 84 85
Subgraph ID: 13_850	63 64 65 66 67 68 69 70 71 72 73 74 75
Subgraph ID: 13_746	1 62 63 64 65 67 68 69 71 72 73 84 85
Subgraph ID: 13_711	62 63 64 65 67 68 69 71 72 73 74 75 84
Subgraph ID: 13_622	62 63 64 65 66 67 68 71 72 73 74 75 84
Subgraph ID: 13_609	1 62 63 64 65 67 68 71 72 73 74 84 85
Subgraph ID: 13_609	1 62 63 64 65 67 68 69 70 71 72 84 85
Subgraph ID: 13_461	63 64 65 67 68 69 70 71 72 73 74 75 76
Subgraph ID: 13_423	63 64 65 66 67 68 69 71 72 73 74 75 76
Subgraph ID: 13_360	87 91 92 93 94 95 96 97 98 99 100 102 103
Subgraph ID: 13_306	62 63 64 65 67 68 71 72 73 74 75 76 84
Subgraph ID: 13_159	87 91 92 93 95 96 97 98 99 100 101 102 103
Subgraph ID: 13_1196	3 4 5 6 9 10 11 12 13 15 16 21 22
Subgraph ID: 13_1144	86 87 88 89 91 92 93 94 95 96 97 102 103
Subgraph ID: 13_1144	86 87 88 89 90 91 92 93 94 95 96 102 103
Subgraph ID: 13_1008	86 87 88 89 90 91 92 93 95 96 97 102 103
Subgraph ID: 12_68	72 73 74 75 76 77 78 79 80 81 82 83
Subgraph ID: 12_544	107 108 109 114 115 116 117 118 119 120 121 122
Subgraph ID: 12_499	86 87 88 89 91 92 93 94 95 96 102 103
Subgraph ID: 12_445	63 64 65 66 67 68 69 70 71 72 73 74
Subgraph ID: 12_441	62 63 64 65 66 67 68 69 71 72 73 84
Subgraph ID: 12_437	86 87 88 89 91 92 93 95 96 97 102 103
Subgraph ID: 12_437	86 87 88 89 90 91 92 93 95 96 102 103
Subgraph ID: 12_379	62 63 64 65 67 68 69 71 72 73 74 84
Subgraph ID: 12_379	62 63 64 65 67 68 69 70 71 72 73 84
Subgraph ID: 12_374	1 62 63 64 65 66 67 68 71 72 84 85
Subgraph ID: 12_358	62 63 64 65 66 67 68 71 72 73 74 84
Subgraph ID: 12_358	62 63 64 65 66 67 68 69 70 71 72 84
Subgraph ID: 12_316	63 64 65 67 68 69 70 71 72 73 74 75
Subgraph ID: 12_286	63 64 65 66 67 68 69 71 72 73 74 75
Subgraph ID: 12_285	1 62 63 64 65 67 68 71 72 73 84 85
Subgraph ID: 12_285	1 62 63 64 65 67 68 69 71 72 84 85
Subgraph ID: 12_262	105 106 107 123 124 125 126 127 128 129 130 131
Subgraph ID: 12_254	87 91 92 93 94 95 96 97 98 99 102 103
Subgraph ID: 12_213	62 63 64 65 67 68 71 72 73 74 75 84
Subgraph ID: 12_152	63 64 65 67 68 69 71 72 73 74 75 76
Subgraph ID: 12_134	87 91 92 93 95 96 97 98 99 100 102 103
Subgraph ID: 12_114	63 64 65 66 67 68 71 72 73 74 75 76
Subgraph ID: 11_82	63 64 65 66 67 68 71 72 73 74 75
Subgraph ID: 11_45	73 74 75 76 77 78 79 80 81 82 83
Subgraph ID: 11_42	63 64 65 67 68 71 72 73 74 75 76
Subgraph ID: 11_33	72 73 74 75 76 77 78 79 80 81 83
Subgraph ID: 11_229	107 108 109 114 115 116 117 118 119 121 122
Subgraph ID: 11_192	86 87 88 89 91 92 93 95 96 102 103
Subgraph ID: 11_179	63 64 65 67 68 69 70 71 72 73 74
Subgraph ID: 11_174	62 63 64 65 66 67 68 71 72 73 84
Subgraph ID: 11_174	62 63 64 65 66 67 68 69 71 72 84
Subgraph ID: 11_164	62 63 64 65 67 68 69 71 72 73 84
Subgraph ID: 11_163	63 64 65 66 67 68 69 71 72 73 74
Subgraph ID: 11_163	63 64 65 66 67 68 69 70 71 72 73
Subgraph ID: 11_153	87 91 92 93 94 95 96 97 98 102 103
Subgraph ID: 11_135	105 106 107 123 124 125 126 127 128 130 131
Subgraph ID: 11_125	62 63 64 65 67 68 71 72 73 74 84
Subgraph ID: 11_125	62 63 64 65 67 68 69 70 71 72 84
Subgraph ID: 11_123	1 62 63 64 65 67 68 71 72 84 85
Subgraph ID: 11_115	105 106 107 123 124 126 127 128 129 130 131
Subgraph ID: 11_114	63 64 65 67 68 69 71 72 73 74 75
Subgraph ID: 11_101	87 91 92 93 95 96 97 98 99 102 103
Subgraph ID: 10_82	62 63 64 65 66 67 68 71 72 84
Subgraph ID: 10_81	87 91 92 93 94 95 96 97 102 103
Subgraph ID: 10_79	63 64 65 66 67 68 69 71 72 73
Subgraph ID: 10_77	63 64 65 67 68 69 71 72 73 74
Subgraph ID: 10_77	63 64 65 67 68 69 70 71 72 73
Subgraph ID: 10_68	87 91 92 93 95 96 97 98 102 103
Subgraph ID: 10_66	62 63 64 65 67 68 71 72 73 84
Subgraph ID: 10_66	62 63 64 65 67 68 69 71 72 84
Subgraph ID: 10_61	105 106 107 123 124 126 127 128 130 131
Subgraph ID: 10_55	63 64 65 66 67 68 71 72 73 74
Subgraph ID: 10_55	63 64 65 66 67 68 69 70 71 72
Subgraph ID: 10_46	105 106 107 123 126 127 128 129 130 131
Subgraph ID: 10_35	63 64 65 67 68 71 72 73 74 75
Subgraph ID: 10_30	74 75 76 77 78 79 80 81 82 83
Subgraph ID: 10_30	73 74 75 76 77 78 79 80 81 83
Subgraph ID: 10_15	72 73 74 75 76 77 78 79 80 83
Subgraph ID: 9_5	72 73 74 75 76 77 78 79 83
Subgraph ID: 9_39	63 64 65 67 68 69 71 72 73
Subgraph ID: 9_38	87 91 92 93 95 96 97 102 103
Subgraph ID: 9_38	87 91 92 93 94 95 96 102 103
Subgraph ID: 9_31	63 64 65 66 67 68 71 72 73
Subgraph ID: 9_31	63 64 65 66 67 68 69 71 72
Subgraph ID: 9_29	62 63 64 65 67 68 71 72 84
Subgraph ID: 9_27	63 64 65 67 68 71 72 73 74
Subgraph ID: 9_27	63 64 65 67 68 69 70 71 72
Subgraph ID: 9_25	105 106 107 123 126 127 128 130 131
Subgraph ID: 9_20	74 75 76 77 78 79 80 81 83
Subgraph ID: 9_2	48 49 50 51 52 53 54 55 56
Subgraph ID: 9_13	75 76 77 78 79 80 81 82 83
Subgraph ID: 9_13	73 74 75 76 77 78 79 80 83
Subgraph ID: 9_13	132 133 134 135 136 137 138 139 140
Subgraph ID: 8_6	76 77 78 79 80 81 82 83
Subgraph ID: 8_6	73 74 75 76 77 78 79 83
Subgraph ID: 8_6	132 133 134 135 136 137 138 139
Subgraph ID: 8_2	49 50 51 52 53 54 55 56
Subgraph ID: 8_18	87 91 92 93 95 96 102 103
Subgraph ID: 8_17	63 64 65 67 68 71 72 73
Subgraph ID: 8_17	63 64 65 67 68 69 71 72
Subgraph ID: 8_15	63 64 65 66 67 68 71 72
Subgraph ID: 8_14	105 106 107 123 124 125 126 131
Subgraph ID: 8_12	75 76 77 78 79 80 81 83
Subgraph ID: 8_12	74 75 76 77 78 79 80 83
Subgraph ID: 8_12	132 133 134 135 136 137 139 140
Subgraph ID: 7_9	63 64 65 67 68 71 72
Subgraph ID: 7_7	75 76 77 78 79 80 83
Subgraph ID: 7_7	132 133 134 135 136 139 140
Subgraph ID: 7_6	33 34 35 36 37 38 39
Subgraph ID: 7_5	76 77 78 79 80 81 83
Subgraph ID: 7_5	74 75 76 77 78 79 83
Subgraph ID: 7_5	132 133 134 135 136 137 139
Subgraph ID: 7_2	50 51 52 53 54 55 56
Subgraph ID: 7_10	105 106 107 123 124 126 131
Subgraph ID: 6_6	105 106 107 123 126 131
Subgraph ID: 6_5	76 77 78 79 80 83
Subgraph ID: 6_5	75 76 77 78 79 83
Subgraph ID: 6_5	132 133 134 135 139 140
Subgraph ID: 6_5	132 133 134 135 136 139
Subgraph ID: 6_4	33 34 35 36 38 39
Subgraph ID: 6_2	51 52 53 54 55 56
Subgraph ID: 6_1	96 97 98 99 100 101
Subgraph ID: 6_1	48 49 50 51 52 53
Subgraph ID: 5_3	76 77 78 79 83
Subgraph ID: 5_3	132 133 134 135 139
Subgraph ID: 5_2	52 53 54 55 56
Subgraph ID: 5_2	16 17 18 19 20
Subgraph ID: 5_2	126 127 128 129 130
Subgraph ID: 5_2	109 110 111 112 113
Subgraph ID: 5_1	97 98 99 100 101
Subgraph ID: 5_1	96 97 98 99 100
Subgraph ID: 5_1	72 73 74 75 76
Subgraph ID: 5_1	49 50 51 52 53
Subgraph ID: 5_1	48 49 50 51 52
Subgraph ID: 4_2	53 54 55 56
Subgraph ID: 4_2	17 18 19 20
Subgraph ID: 4_2	126 127 128 130
Subgraph ID: 4_2	109 110 111 113
Subgraph ID: 4_1	98 99 100 101
Subgraph ID: 4_1	97 98 99 100
Subgraph ID: 4_1	96 97 98 99
Subgraph ID: 4_1	79 80 81 82
Subgraph ID: 4_1	73 74 75 76
Subgraph ID: 4_1	72 73 74 75
Subgraph ID: 4_1	50 51 52 53
Subgraph ID: 4_1	49 50 51 52
Subgraph ID: 4_1	48 49 50 51
Subgraph ID: 4_1	42 43 44 45
Subgraph ID: 4_1	135 136 137 138
Subgraph ID: 3_1	99 100 101
Subgraph ID: 3_1	98 99 100
Subgraph ID: 3_1	97 98 99
Subgraph ID: 3_1	96 97 98
Subgraph ID: 3_1	80 81 82
Subgraph ID: 3_1	79 80 81
Subgraph ID: 3_1	74 75 76
Subgraph ID: 3_1	73 74 75
Subgraph ID: 3_1	72 73 74
Subgraph ID: 3_1	68 69 70
Subgraph ID: 3_1	6 7 8
Subgraph ID: 3_1	58 59 60
Subgraph ID: 3_1	51 52 53
Subgraph ID: 3_1	50 51 52
Subgraph ID: 3_1	49 50 51
Subgraph ID: 3_1	48 49 50
Subgraph ID: 3_1	43 44 45
Subgraph ID: 3_1	42 43 44
Subgraph ID: 3_1	144 145 146
Subgraph ID: 3_1	136 137 138
Subgraph ID: 3_1	135 136 137
Subgraph ID: 3_1	123 124 125
Subgraph ID: 2_1	99 100
Subgraph ID: 2_1	98 99
Subgraph ID: 2_1	97 98
Subgraph ID: 2_1	96 97
Subgraph ID: 2_1	93 94
Subgraph ID: 2_1	89 90
Subgraph ID: 2_1	81 82
Subgraph ID: 2_1	80 81
Subgraph ID: 2_1	79 80
Subgraph ID: 2_1	75 76
Subgraph ID: 2_1	74 75
Subgraph ID: 2_1	73 74
Subgraph ID: 2_1	72 73
Subgraph ID: 2_1	7 8
Subgraph ID: 2_1	69 70
Subgraph ID: 2_1	68 69
Subgraph ID: 2_1	65 66
Subgraph ID: 2_1	6 7
Subgraph ID: 2_1	59 60
Subgraph ID: 2_1	58 59
Subgraph ID: 2_1	52 53
Subgraph ID: 2_1	51 52
Subgraph ID: 2_1	50 51
Subgraph ID: 2_1	49 50
Subgraph ID: 2_1	48 49
Subgraph ID: 2_1	44 45
Subgraph ID: 2_1	43 44
Subgraph ID: 2_1	42 43
Subgraph ID: 2_1	36 37
Subgraph ID: 2_1	29 30
Subgraph ID: 2_1	25 26
Subgraph ID: 2_1	16 17
Subgraph ID: 2_1	145 146
Subgraph ID: 2_1	144 145
Subgraph ID: 2_1	139 140
Subgraph ID: 2_1	137 138
Subgraph ID: 2_1	136 137
Subgraph ID: 2_1	135 136
Subgraph ID: 2_1	13 14
Subgraph ID: 2_1	128 129
Subgraph ID: 2_1	124 125
Subgraph ID: 2_1	123 124
Subgraph ID: 2_1	119 120
Subgraph ID: 2_1	111 112
Subgraph ID: 2_1	100 101
