Subgraph ID: 13_978	69 70 71 73 74 75 77 78 79 80 84 85 86
Subgraph ID: 13_978	69 70 71 73 74 75 77 78 79 80 81 84 85
Subgraph ID: 13_970	68 69 70 71 73 74 75 77 78 79 84 85 95
Subgraph ID: 13_970	68 69 70 71 73 74 75 77 78 79 80 84 95
Subgraph ID: 13_965	69 70 71 73 74 77 78 79 80 81 84 85 86
Subgraph ID: 13_918	97 98 99 100 103 104 105 107 108 109 110 115 116
Subgraph ID: 13_918	97 98 99 100 101 102 103 104 105 107 108 115 116
Subgraph ID: 13_912	69 70 71 73 74 75 76 77 78 79 84 85 86
Subgraph ID: 13_912	69 70 71 73 74 75 76 77 78 79 80 81 84
Subgraph ID: 13_910	68 69 70 71 72 73 74 77 78 79 84 85 95
Subgraph ID: 13_910	68 69 70 71 72 73 74 77 78 79 80 84 95
Subgraph ID: 13_847	70 73 74 75 76 77 78 79 80 81 84 85 86
Subgraph ID: 13_844	69 70 71 72 73 74 75 77 78 79 84 85 86
Subgraph ID: 13_844	69 70 71 72 73 74 75 77 78 79 80 81 84
Subgraph ID: 13_824	68 69 70 71 73 74 77 78 79 80 84 85 95
Subgraph ID: 13_809	69 70 71 72 73 74 77 78 79 80 84 85 86
Subgraph ID: 13_809	69 70 71 72 73 74 77 78 79 80 81 84 85
Subgraph ID: 13_798	70 73 74 75 77 78 79 80 81 84 85 86 87
Subgraph ID: 13_798	70 73 74 75 77 78 79 80 81 82 84 85 86
Subgraph ID: 13_701	1 68 69 70 71 73 74 77 78 79 84 95 96
Subgraph ID: 13_665	70 73 74 77 78 79 80 81 82 84 85 86 87
Subgraph ID: 13_653	68 69 70 71 73 74 77 78 79 84 85 86 95
Subgraph ID: 13_653	68 69 70 71 73 74 77 78 79 80 81 84 95
Subgraph ID: 13_645	69 70 71 73 74 77 78 79 80 84 85 86 87
Subgraph ID: 13_645	69 70 71 73 74 77 78 79 80 81 82 84 85
Subgraph ID: 13_571	70 73 74 75 76 77 78 79 80 84 85 86 87
Subgraph ID: 13_571	70 73 74 75 76 77 78 79 80 81 82 84 85
Subgraph ID: 13_568	69 70 71 73 74 75 77 78 79 84 85 86 87
Subgraph ID: 13_568	69 70 71 73 74 75 77 78 79 80 81 82 84
Subgraph ID: 13_455	69 70 71 72 73 74 77 78 79 84 85 86 87
Subgraph ID: 13_455	69 70 71 72 73 74 77 78 79 80 81 82 84
Subgraph ID: 13_415	70 73 74 77 78 79 80 81 82 83 84 85 86
Subgraph ID: 13_360	98 103 104 105 106 107 108 109 110 111 112 115 116
Subgraph ID: 13_355	70 73 74 75 77 78 79 80 81 82 83 84 85
Subgraph ID: 13_252	69 70 71 73 74 77 78 79 80 81 82 83 84
Subgraph ID: 13_215	70 73 74 75 76 77 78 79 80 81 82 83 84
Subgraph ID: 13_159	98 103 104 105 107 108 109 110 111 112 113 115 116
Subgraph ID: 13_1144	97 98 99 100 103 104 105 106 107 108 109 115 116
Subgraph ID: 13_1144	97 98 99 100 101 103 104 105 106 107 108 115 116
Subgraph ID: 13_1133	69 70 71 72 73 74 75 76 77 78 79 84 85
Subgraph ID: 13_1133	69 70 71 72 73 74 75 76 77 78 79 80 84
Subgraph ID: 13_1092	69 70 71 73 74 75 76 77 78 79 80 84 85
Subgraph ID: 13_1077	68 69 70 71 72 73 74 75 77 78 79 84 95
Subgraph ID: 13_1036	69 70 71 72 73 74 75 77 78 79 80 84 85
Subgraph ID: 13_1033	68 69 70 71 73 74 75 76 77 78 79 84 95
Subgraph ID: 13_1007	97 98 99 100 101 103 104 105 107 108 109 115 116
Subgraph ID: 12_87	70 73 74 75 77 78 79 80 81 82 83 84
Subgraph ID: 12_544	120 121 122 129 130 131 132 133 134 135 136 137
Subgraph ID: 12_499	97 98 99 100 103 104 105 106 107 108 115 116
Subgraph ID: 12_449	69 70 71 73 74 75 76 77 78 79 84 85
Subgraph ID: 12_449	69 70 71 73 74 75 76 77 78 79 80 84
Subgraph ID: 12_449	69 70 71 72 73 74 75 76 77 78 79 84
Subgraph ID: 12_447	69 70 71 73 74 75 77 78 79 80 84 85
Subgraph ID: 12_437	97 98 99 100 103 104 105 107 108 109 115 116
Subgraph ID: 12_437	97 98 99 100 101 103 104 105 107 108 115 116
Subgraph ID: 12_426	69 70 71 72 73 74 75 77 78 79 84 85
Subgraph ID: 12_426	69 70 71 72 73 74 75 77 78 79 80 84
Subgraph ID: 12_417	68 69 70 71 73 74 75 77 78 79 84 95
Subgraph ID: 12_416	70 73 74 75 77 78 79 80 81 84 85 86
Subgraph ID: 12_411	68 69 70 71 72 73 74 77 78 79 84 95
Subgraph ID: 12_370	69 70 71 72 73 74 77 78 79 80 84 85
Subgraph ID: 12_366	69 70 71 73 74 77 78 79 80 84 85 86
Subgraph ID: 12_366	69 70 71 73 74 77 78 79 80 81 84 85
Subgraph ID: 12_353	69 70 71 73 74 75 77 78 79 84 85 86
Subgraph ID: 12_353	69 70 71 73 74 75 77 78 79 80 81 84
Subgraph ID: 12_337	68 69 70 71 73 74 77 78 79 84 85 95
Subgraph ID: 12_337	68 69 70 71 73 74 77 78 79 80 84 95
Subgraph ID: 12_318	70 73 74 75 76 77 78 79 80 84 85 86
Subgraph ID: 12_318	70 73 74 75 76 77 78 79 80 81 84 85
Subgraph ID: 12_296	70 73 74 77 78 79 80 81 84 85 86 87
Subgraph ID: 12_296	70 73 74 77 78 79 80 81 82 84 85 86
Subgraph ID: 12_277	69 70 71 72 73 74 77 78 79 84 85 86
Subgraph ID: 12_277	69 70 71 72 73 74 77 78 79 80 81 84
Subgraph ID: 12_262	118 119 120 138 139 140 141 142 143 144 145 146
Subgraph ID: 12_254	98 103 104 105 106 107 108 109 110 111 115 116
Subgraph ID: 12_252	70 73 74 75 77 78 79 80 84 85 86 87
Subgraph ID: 12_252	70 73 74 75 77 78 79 80 81 82 84 85
Subgraph ID: 12_185	69 70 71 73 74 77 78 79 84 85 86 87
Subgraph ID: 12_185	69 70 71 73 74 77 78 79 80 81 82 84
Subgraph ID: 12_156	70 73 74 75 76 77 78 79 84 85 86 87
Subgraph ID: 12_156	70 73 74 75 76 77 78 79 80 81 82 84
Subgraph ID: 12_140	4 16 17 18 19 20 21 22 23 24 25 26
Subgraph ID: 12_134	98 103 104 105 107 108 109 110 111 112 115 116
Subgraph ID: 12_126	70 73 74 77 78 79 80 81 82 83 84 85
Subgraph ID: 11_97	70 73 74 77 78 79 80 84 85 86 87
Subgraph ID: 11_97	70 73 74 77 78 79 80 81 82 84 85
Subgraph ID: 11_68	70 73 74 75 77 78 79 84 85 86 87
Subgraph ID: 11_68	70 73 74 75 77 78 79 80 81 82 84
Subgraph ID: 11_45	84 85 86 87 88 89 90 91 92 93 94
Subgraph ID: 11_29	70 73 74 77 78 79 80 81 82 83 84
Subgraph ID: 11_229	120 121 122 129 130 131 132 133 134 136 137
Subgraph ID: 11_196	69 70 71 73 74 75 76 77 78 79 84
Subgraph ID: 11_192	97 98 99 100 103 104 105 107 108 115 116
Subgraph ID: 11_189	69 70 71 73 74 75 77 78 79 84 85
Subgraph ID: 11_189	69 70 71 73 74 75 77 78 79 80 84
Subgraph ID: 11_189	69 70 71 72 73 74 75 77 78 79 84
Subgraph ID: 11_177	70 73 74 77 78 79 80 81 84 85 86
Subgraph ID: 11_170	69 70 71 73 74 77 78 79 80 84 85
Subgraph ID: 11_153	98 103 104 105 106 107 108 109 110 115 116
Subgraph ID: 11_152	70 73 74 75 77 78 79 80 84 85 86
Subgraph ID: 11_152	70 73 74 75 77 78 79 80 81 84 85
Subgraph ID: 11_151	68 69 70 71 73 74 77 78 79 84 95
Subgraph ID: 11_148	69 70 71 72 73 74 77 78 79 84 85
Subgraph ID: 11_148	69 70 71 72 73 74 77 78 79 80 84
Subgraph ID: 11_141	70 73 74 75 76 77 78 79 80 84 85
Subgraph ID: 11_135	118 119 120 138 139 140 141 142 143 145 146
Subgraph ID: 11_121	69 70 71 73 74 77 78 79 84 85 86
Subgraph ID: 11_121	69 70 71 73 74 77 78 79 80 81 84
Subgraph ID: 11_115	118 119 120 138 139 141 142 143 144 145 146
Subgraph ID: 11_103	70 73 74 75 76 77 78 79 84 85 86
Subgraph ID: 11_103	70 73 74 75 76 77 78 79 80 81 84
Subgraph ID: 11_101	98 103 104 105 107 108 109 110 111 115 116
Subgraph ID: 10_93	69 70 71 73 74 75 77 78 79 84
Subgraph ID: 10_81	98 103 104 105 106 107 108 109 115 116
Subgraph ID: 10_76	70 73 74 75 77 78 79 80 84 85
Subgraph ID: 10_73	69 70 71 73 74 77 78 79 84 85
Subgraph ID: 10_73	69 70 71 73 74 77 78 79 80 84
Subgraph ID: 10_73	69 70 71 72 73 74 77 78 79 84
Subgraph ID: 10_68	98 103 104 105 107 108 109 110 115 116
Subgraph ID: 10_67	70 73 74 77 78 79 80 84 85 86
Subgraph ID: 10_67	70 73 74 77 78 79 80 81 84 85
Subgraph ID: 10_61	118 119 120 138 139 141 142 143 145 146
Subgraph ID: 10_55	70 73 74 75 76 77 78 79 84 85
Subgraph ID: 10_55	70 73 74 75 76 77 78 79 80 84
Subgraph ID: 10_48	70 73 74 75 77 78 79 84 85 86
Subgraph ID: 10_48	70 73 74 75 77 78 79 80 81 84
Subgraph ID: 10_46	118 119 120 138 141 142 143 144 145 146
Subgraph ID: 10_30	85 86 87 88 89 90 91 92 93 94
Subgraph ID: 10_30	84 85 86 87 88 89 90 91 92 94
Subgraph ID: 10_26	70 73 74 77 78 79 84 85 86 87
Subgraph ID: 10_26	70 73 74 77 78 79 80 81 82 84
Subgraph ID: 9_4	55 56 57 58 59 60 61 62 63
Subgraph ID: 9_38	98 103 104 105 107 108 109 115 116
Subgraph ID: 9_38	98 103 104 105 106 107 108 115 116
Subgraph ID: 9_37	4 16 17 18 19 20 21 25 26
Subgraph ID: 9_36	69 70 71 73 74 77 78 79 84
Subgraph ID: 9_35	70 73 74 77 78 79 80 84 85
Subgraph ID: 9_31	70 73 74 75 77 78 79 84 85
Subgraph ID: 9_31	70 73 74 75 77 78 79 80 84
Subgraph ID: 9_25	118 119 120 138 141 142 143 145 146
Subgraph ID: 9_21	70 73 74 77 78 79 84 85 86
Subgraph ID: 9_21	70 73 74 77 78 79 80 81 84
Subgraph ID: 9_20	85 86 87 88 89 90 91 92 94
Subgraph ID: 9_13	86 87 88 89 90 91 92 93 94
Subgraph ID: 9_13	84 85 86 87 88 89 90 91 94
Subgraph ID: 9_13	147 148 149 150 151 152 153 154 155
Subgraph ID: 8_6	87 88 89 90 91 92 93 94
Subgraph ID: 8_6	84 85 86 87 88 89 90 94
Subgraph ID: 8_6	147 148 149 150 151 152 153 154
Subgraph ID: 8_3	56 57 58 59 60 61 62 63
Subgraph ID: 8_2	55 56 57 58 59 60 61 63
Subgraph ID: 8_19	4 16 17 18 19 20 25 26
Subgraph ID: 8_18	98 103 104 105 107 108 115 116
Subgraph ID: 8_15	70 73 74 77 78 79 84 85
Subgraph ID: 8_15	70 73 74 77 78 79 80 84
Subgraph ID: 8_14	118 119 120 138 139 140 141 146
Subgraph ID: 8_12	86 87 88 89 90 91 92 94
Subgraph ID: 8_12	85 86 87 88 89 90 91 94
Subgraph ID: 8_12	147 148 149 150 151 152 154 155
Subgraph ID: 7_7	86 87 88 89 90 91 94
Subgraph ID: 7_7	147 148 149 150 151 154 155
Subgraph ID: 7_6	39 40 41 42 43 44 45
Subgraph ID: 7_5	87 88 89 90 91 92 94
Subgraph ID: 7_5	85 86 87 88 89 90 94
Subgraph ID: 7_5	147 148 149 150 151 152 154
Subgraph ID: 7_3	57 58 59 60 61 62 63
Subgraph ID: 7_2	56 57 58 59 60 61 63
Subgraph ID: 7_2	122 123 124 125 126 127 128
Subgraph ID: 7_10	118 119 120 138 139 141 146
Subgraph ID: 7_1	108 109 110 111 112 113 114
Subgraph ID: 6_6	118 119 120 138 141 146
Subgraph ID: 6_5	87 88 89 90 91 94
Subgraph ID: 6_5	86 87 88 89 90 94
Subgraph ID: 6_5	147 148 149 150 154 155
Subgraph ID: 6_5	147 148 149 150 151 154
Subgraph ID: 6_4	39 40 41 42 44 45
Subgraph ID: 6_3	58 59 60 61 62 63
Subgraph ID: 6_2	57 58 59 60 61 63
Subgraph ID: 6_2	122 123 124 125 126 128
Subgraph ID: 6_1	109 110 111 112 113 114
Subgraph ID: 6_1	108 109 110 111 112 113
Subgraph ID: 5_3	87 88 89 90 94
Subgraph ID: 5_3	147 148 149 150 154
Subgraph ID: 5_2	59 60 61 62 63
Subgraph ID: 5_2	58 59 60 61 63
Subgraph ID: 5_2	20 21 22 23 24
Subgraph ID: 5_2	141 142 143 144 145
Subgraph ID: 5_2	122 123 124 125 128
Subgraph ID: 5_1	79 80 81 82 83
Subgraph ID: 5_1	55 56 57 58 59
Subgraph ID: 5_1	48 49 50 51 52
Subgraph ID: 5_1	110 111 112 113 114
Subgraph ID: 5_1	109 110 111 112 113
Subgraph ID: 5_1	108 109 110 111 112
Subgraph ID: 4_2	59 60 61 63
Subgraph ID: 4_2	21 22 23 24
Subgraph ID: 4_2	141 142 143 145
Subgraph ID: 4_2	122 123 124 128
Subgraph ID: 4_1	90 91 92 93
Subgraph ID: 4_1	84 85 86 87
Subgraph ID: 4_1	80 81 82 83
Subgraph ID: 4_1	79 80 81 82
Subgraph ID: 4_1	56 57 58 59
Subgraph ID: 4_1	55 56 57 58
Subgraph ID: 4_1	49 50 51 52
Subgraph ID: 4_1	48 49 50 51
Subgraph ID: 4_1	159 160 161 162
Subgraph ID: 4_1	150 151 152 153
Subgraph ID: 4_1	124 125 126 127
Subgraph ID: 4_1	111 112 113 114
Subgraph ID: 4_1	110 111 112 113
Subgraph ID: 4_1	109 110 111 112
Subgraph ID: 4_1	108 109 110 111
Subgraph ID: 3_1	91 92 93
Subgraph ID: 3_1	90 91 92
Subgraph ID: 3_1	85 86 87
Subgraph ID: 3_1	84 85 86
Subgraph ID: 3_1	81 82 83
Subgraph ID: 3_1	80 81 82
Subgraph ID: 3_1	79 80 81
Subgraph ID: 3_1	74 75 76
Subgraph ID: 3_1	6 7 8
Subgraph ID: 3_1	57 58 59
Subgraph ID: 3_1	56 57 58
Subgraph ID: 3_1	55 56 57
Subgraph ID: 3_1	50 51 52
Subgraph ID: 3_1	49 50 51
Subgraph ID: 3_1	48 49 50
Subgraph ID: 3_1	29 30 31
Subgraph ID: 3_1	160 161 162
Subgraph ID: 3_1	159 160 161
Subgraph ID: 3_1	151 152 153
Subgraph ID: 3_1	150 151 152
Subgraph ID: 3_1	138 139 140
Subgraph ID: 3_1	125 126 127
Subgraph ID: 3_1	124 125 126
Subgraph ID: 3_1	112 113 114
Subgraph ID: 3_1	111 112 113
Subgraph ID: 3_1	110 111 112
Subgraph ID: 3_1	109 110 111
Subgraph ID: 3_1	108 109 110
Subgraph ID: 3_1	100 101 102
Subgraph ID: 2_1	92 93
Subgraph ID: 2_1	91 92
Subgraph ID: 2_1	90 91
Subgraph ID: 2_1	86 87
Subgraph ID: 2_1	85 86
Subgraph ID: 2_1	84 85
Subgraph ID: 2_1	82 83
Subgraph ID: 2_1	81 82
Subgraph ID: 2_1	80 81
Subgraph ID: 2_1	79 80
Subgraph ID: 2_1	75 76
Subgraph ID: 2_1	74 75
Subgraph ID: 2_1	71 72
Subgraph ID: 2_1	7 8
Subgraph ID: 2_1	65 66
Subgraph ID: 2_1	61 62
Subgraph ID: 2_1	6 7
Subgraph ID: 2_1	58 59
Subgraph ID: 2_1	57 58
Subgraph ID: 2_1	56 57
Subgraph ID: 2_1	55 56
Subgraph ID: 2_1	51 52
Subgraph ID: 2_1	50 51
Subgraph ID: 2_1	49 50
Subgraph ID: 2_1	48 49
Subgraph ID: 2_1	42 43
Subgraph ID: 2_1	34 35
Subgraph ID: 2_1	30 31
Subgraph ID: 2_1	29 30
Subgraph ID: 2_1	20 21
Subgraph ID: 2_1	161 162
Subgraph ID: 2_1	160 161
Subgraph ID: 2_1	159 160
Subgraph ID: 2_1	154 155
Subgraph ID: 2_1	152 153
Subgraph ID: 2_1	151 152
Subgraph ID: 2_1	150 151
Subgraph ID: 2_1	143 144
Subgraph ID: 2_1	14 15
Subgraph ID: 2_1	139 140
Subgraph ID: 2_1	138 139
Subgraph ID: 2_1	134 135
Subgraph ID: 2_1	126 127
Subgraph ID: 2_1	125 126
Subgraph ID: 2_1	124 125
Subgraph ID: 2_1	113 114
Subgraph ID: 2_1	112 113
Subgraph ID: 2_1	111 112
Subgraph ID: 2_1	110 111
Subgraph ID: 2_1	109 110
Subgraph ID: 2_1	108 109
Subgraph ID: 2_1	105 106
Subgraph ID: 2_1	101 102
Subgraph ID: 2_1	100 101
