Subgraph ID: 13_943	37 38 39 41 43 48 50 51 52 53 54 55 57
Subgraph ID: 13_943	37 38 39 41 43 48 49 50 52 53 54 55 57
Subgraph ID: 13_943	37 38 39 41 43 44 48 50 52 53 54 55 57
Subgraph ID: 13_943	37 38 39 41 42 43 48 50 52 53 54 55 57
Subgraph ID: 13_943	37 38 39 40 41 43 48 50 52 53 54 55 57
Subgraph ID: 13_939	3 4 5 6 7 8 9 21 22 23 24 26 27
Subgraph ID: 13_939	3 4 5 6 7 8 9 10 11 21 24 26 27
Subgraph ID: 13_748	37 38 39 41 43 44 45 46 47 48 50 51 52
Subgraph ID: 13_748	37 38 39 41 43 44 45 46 47 48 49 50 52
Subgraph ID: 13_748	37 38 39 41 42 43 44 45 46 47 48 50 52
Subgraph ID: 13_748	37 38 39 40 41 43 44 45 46 47 48 50 52
Subgraph ID: 13_638	37 38 39 41 43 48 50 52 53 54 55 56 57
Subgraph ID: 13_460	67 68 69 70 71 72 73 74 75 76 77 78 80
Subgraph ID: 13_248	67 68 69 70 71 72 73 74 76 77 78 79 80
Subgraph ID: 13_1298	37 38 39 40 41 42 43 44 48 49 50 51 52
Subgraph ID: 13_1226	2 3 4 5 6 7 8 9 21 24 26 27 28
Subgraph ID: 13_1200	3 4 5 6 8 9 10 21 22 24 25 26 27
Subgraph ID: 13_1198	2 3 4 5 6 8 9 21 24 25 26 27 28
Subgraph ID: 13_1198	2 3 4 5 6 8 9 21 22 24 26 27 28
Subgraph ID: 13_1198	2 3 4 5 6 8 9 10 21 24 26 27 28
Subgraph ID: 13_1186	2 3 4 5 6 8 9 21 24 26 27 28 29
Subgraph ID: 13_1181	3 4 5 8 9 10 21 22 23 24 25 26 27
Subgraph ID: 13_1181	3 4 5 8 9 10 11 21 22 24 25 26 27
Subgraph ID: 13_1167	3 4 5 8 9 10 11 21 22 23 24 26 27
Subgraph ID: 13_1157	2 3 4 5 8 9 21 22 24 25 26 27 28
Subgraph ID: 13_1157	2 3 4 5 8 9 10 21 24 25 26 27 28
Subgraph ID: 13_1157	2 3 4 5 8 9 10 21 22 24 26 27 28
Subgraph ID: 13_1155	37 38 39 41 43 48 49 50 51 52 53 54 57
Subgraph ID: 13_1155	37 38 39 41 43 44 48 50 51 52 53 54 57
Subgraph ID: 13_1155	37 38 39 41 43 44 48 49 50 52 53 54 57
Subgraph ID: 13_1155	37 38 39 41 42 43 48 50 51 52 53 54 57
Subgraph ID: 13_1155	37 38 39 41 42 43 48 49 50 52 53 54 57
Subgraph ID: 13_1155	37 38 39 41 42 43 44 48 50 52 53 54 57
Subgraph ID: 13_1155	37 38 39 40 41 43 48 50 51 52 53 54 57
Subgraph ID: 13_1155	37 38 39 40 41 43 48 49 50 52 53 54 57
Subgraph ID: 13_1155	37 38 39 40 41 43 44 48 50 52 53 54 57
Subgraph ID: 13_1155	37 38 39 40 41 42 43 48 50 52 53 54 57
Subgraph ID: 13_1101	3 4 5 6 8 9 21 22 23 24 25 26 27
Subgraph ID: 13_1101	3 4 5 6 8 9 10 21 22 23 24 26 27
Subgraph ID: 13_1101	3 4 5 6 8 9 10 11 21 24 25 26 27
Subgraph ID: 13_1101	3 4 5 6 8 9 10 11 21 22 24 26 27
Subgraph ID: 13_1087	2 3 4 5 8 9 21 24 25 26 27 28 29
Subgraph ID: 13_1087	2 3 4 5 8 9 21 22 24 26 27 28 29
Subgraph ID: 13_1087	2 3 4 5 8 9 10 21 24 26 27 28 29
Subgraph ID: 13_1082	3 4 5 6 7 8 9 21 22 24 25 26 27
Subgraph ID: 13_1082	3 4 5 6 7 8 9 10 21 24 25 26 27
Subgraph ID: 13_1082	3 4 5 6 7 8 9 10 21 22 24 26 27
Subgraph ID: 13_1012	2 3 4 5 8 9 21 22 23 24 26 27 28
Subgraph ID: 13_1012	2 3 4 5 8 9 10 11 21 24 26 27 28
Subgraph ID: 12_548	37 38 39 41 42 43 44 48 49 50 51 52
Subgraph ID: 12_548	37 38 39 40 41 43 44 48 49 50 51 52
Subgraph ID: 12_548	37 38 39 40 41 42 43 48 49 50 51 52
Subgraph ID: 12_548	37 38 39 40 41 42 43 44 48 50 51 52
Subgraph ID: 12_548	37 38 39 40 41 42 43 44 48 49 50 52
Subgraph ID: 12_524	2 3 4 5 6 8 9 21 24 26 27 28
Subgraph ID: 12_517	9 10 11 12 13 14 15 16 17 18 19 20
Subgraph ID: 12_516	3 4 5 8 9 10 21 22 24 25 26 27
Subgraph ID: 12_495	3 4 5 6 8 9 21 22 24 25 26 27
Subgraph ID: 12_495	3 4 5 6 8 9 10 21 24 25 26 27
Subgraph ID: 12_495	3 4 5 6 8 9 10 21 22 24 26 27
Subgraph ID: 12_472	2 3 4 5 8 9 21 24 25 26 27 28
Subgraph ID: 12_472	2 3 4 5 8 9 21 22 24 26 27 28
Subgraph ID: 12_472	2 3 4 5 8 9 10 21 24 26 27 28
Subgraph ID: 12_463	2 3 4 5 8 9 21 24 26 27 28 29
Subgraph ID: 12_460	3 4 5 8 9 21 22 23 24 25 26 27
Subgraph ID: 12_460	3 4 5 8 9 10 21 22 23 24 26 27
Subgraph ID: 12_460	3 4 5 8 9 10 11 21 24 25 26 27
Subgraph ID: 12_460	3 4 5 8 9 10 11 21 22 24 26 27
Subgraph ID: 12_451	37 38 39 41 43 48 50 51 52 53 54 57
Subgraph ID: 12_451	37 38 39 41 43 48 49 50 52 53 54 57
Subgraph ID: 12_451	37 38 39 41 43 44 48 50 52 53 54 57
Subgraph ID: 12_451	37 38 39 41 42 43 48 50 52 53 54 57
Subgraph ID: 12_451	37 38 39 40 41 43 48 50 52 53 54 57
Subgraph ID: 12_434	3 4 5 6 7 8 9 21 24 25 26 27
Subgraph ID: 12_434	3 4 5 6 7 8 9 21 22 24 26 27
Subgraph ID: 12_434	3 4 5 6 7 8 9 10 21 24 26 27
Subgraph ID: 12_414	3 4 5 6 8 9 21 22 23 24 26 27
Subgraph ID: 12_414	3 4 5 6 8 9 10 11 21 24 26 27
Subgraph ID: 12_359	37 38 39 41 43 48 50 52 53 54 55 57
Subgraph ID: 12_270	37 38 39 41 43 44 45 46 47 48 50 52
Subgraph ID: 12_190	67 68 69 70 71 72 73 74 75 76 77 80
Subgraph ID: 12_129	67 68 69 70 71 72 73 74 76 77 78 80
Subgraph ID: 11_61	67 68 69 70 71 72 73 74 76 77 80
Subgraph ID: 11_232	10 11 12 13 14 15 16 17 18 19 20
Subgraph ID: 11_231	37 38 39 41 43 44 48 49 50 51 52
Subgraph ID: 11_231	37 38 39 41 42 43 48 49 50 51 52
Subgraph ID: 11_231	37 38 39 41 42 43 44 48 50 51 52
Subgraph ID: 11_231	37 38 39 41 42 43 44 48 49 50 52
Subgraph ID: 11_231	37 38 39 40 41 43 48 49 50 51 52
Subgraph ID: 11_231	37 38 39 40 41 43 44 48 50 51 52
Subgraph ID: 11_231	37 38 39 40 41 43 44 48 49 50 52
Subgraph ID: 11_231	37 38 39 40 41 42 43 48 50 51 52
Subgraph ID: 11_231	37 38 39 40 41 42 43 48 49 50 52
Subgraph ID: 11_231	37 38 39 40 41 42 43 44 48 50 52
Subgraph ID: 11_211	3 4 5 8 9 21 22 24 25 26 27
Subgraph ID: 11_211	3 4 5 8 9 10 21 24 25 26 27
Subgraph ID: 11_211	3 4 5 8 9 10 21 22 24 26 27
Subgraph ID: 11_210	2 3 4 5 8 9 21 24 26 27 28
Subgraph ID: 11_208	9 10 11 12 13 14 16 17 18 19 20
Subgraph ID: 11_208	9 10 11 12 13 14 15 16 18 19 20
Subgraph ID: 11_208	9 10 11 12 13 14 15 16 17 18 20
Subgraph ID: 11_203	3 4 5 6 8 9 21 24 25 26 27
Subgraph ID: 11_203	3 4 5 6 8 9 21 22 24 26 27
Subgraph ID: 11_203	3 4 5 6 8 9 10 21 24 26 27
Subgraph ID: 11_181	37 38 39 41 43 48 50 52 53 54 57
Subgraph ID: 11_167	3 4 5 8 9 21 22 23 24 26 27
Subgraph ID: 11_167	3 4 5 8 9 10 11 21 24 26 27
Subgraph ID: 10_90	3 4 5 8 9 21 24 25 26 27
Subgraph ID: 10_90	3 4 5 8 9 21 22 24 26 27
Subgraph ID: 10_90	3 4 5 8 9 10 21 24 26 27
Subgraph ID: 10_86	9 10 11 12 13 14 16 18 19 20
Subgraph ID: 10_86	9 10 11 12 13 14 16 17 18 20
Subgraph ID: 10_86	9 10 11 12 13 14 15 16 18 20
Subgraph ID: 10_104	37 38 39 41 43 48 49 50 51 52
Subgraph ID: 10_104	37 38 39 41 43 44 48 50 51 52
Subgraph ID: 10_104	37 38 39 41 43 44 48 49 50 52
Subgraph ID: 10_104	37 38 39 41 42 43 48 50 51 52
Subgraph ID: 10_104	37 38 39 41 42 43 48 49 50 52
Subgraph ID: 10_104	37 38 39 41 42 43 44 48 50 52
Subgraph ID: 10_104	37 38 39 40 41 43 48 50 51 52
Subgraph ID: 10_104	37 38 39 40 41 43 48 49 50 52
Subgraph ID: 10_104	37 38 39 40 41 43 44 48 50 52
Subgraph ID: 10_104	37 38 39 40 41 42 43 48 50 52
Subgraph ID: 10_103	11 12 13 14 15 16 17 18 19 20
Subgraph ID: 10_103	10 11 12 13 14 16 17 18 19 20
Subgraph ID: 10_103	10 11 12 13 14 15 16 18 19 20
Subgraph ID: 10_103	10 11 12 13 14 15 16 17 18 20
Subgraph ID: 9_46	37 38 39 41 43 48 50 51 52
Subgraph ID: 9_46	37 38 39 41 43 48 49 50 52
Subgraph ID: 9_46	37 38 39 41 43 44 48 50 52
Subgraph ID: 9_46	37 38 39 41 42 43 48 50 52
Subgraph ID: 9_46	37 38 39 40 41 43 48 50 52
Subgraph ID: 9_45	11 12 13 14 16 17 18 19 20
Subgraph ID: 9_45	11 12 13 14 15 16 18 19 20
Subgraph ID: 9_45	11 12 13 14 15 16 17 18 20
Subgraph ID: 9_45	10 11 12 13 14 16 18 19 20
Subgraph ID: 9_45	10 11 12 13 14 16 17 18 20
Subgraph ID: 9_45	10 11 12 13 14 15 16 18 20
Subgraph ID: 9_33	9 10 11 12 13 14 16 18 20
Subgraph ID: 9_15	72 73 74 75 76 77 78 79 80
Subgraph ID: 9_14	65 66 67 68 69 70 71 72 81
Subgraph ID: 8_8	72 73 74 76 77 78 79 80
Subgraph ID: 8_23	37 38 39 41 43 48 50 52
Subgraph ID: 8_22	11 12 13 14 16 18 19 20
Subgraph ID: 8_22	11 12 13 14 16 17 18 20
Subgraph ID: 8_22	11 12 13 14 15 16 18 20
Subgraph ID: 8_22	10 11 12 13 14 16 18 20
Subgraph ID: 8_11	72 73 74 75 76 77 78 80
Subgraph ID: 7_6	72 73 74 76 77 78 80
Subgraph ID: 7_6	72 73 74 75 76 77 80
Subgraph ID: 7_11	11 12 13 14 16 18 20
Subgraph ID: 6_4	72 73 74 76 77 80
Subgraph ID: 6_4	67 68 69 70 71 72
Subgraph ID: 6_2	52 53 54 55 56 57
Subgraph ID: 6_1	82 83 84 85 86 87
Subgraph ID: 5_2	52 53 54 55 57
Subgraph ID: 5_2	43 44 45 46 47
Subgraph ID: 5_1	83 84 85 86 87
Subgraph ID: 5_1	82 83 84 85 86
Subgraph ID: 4_2	65 66 67 81
Subgraph ID: 4_2	52 53 54 57
Subgraph ID: 4_2	44 45 46 47
Subgraph ID: 4_1	84 85 86 87
Subgraph ID: 4_1	83 84 85 86
Subgraph ID: 4_1	82 83 84 85
Subgraph ID: 3_1	9 10 11
Subgraph ID: 3_1	85 86 87
Subgraph ID: 3_1	84 85 86
Subgraph ID: 3_1	83 84 85
Subgraph ID: 3_1	82 83 84
Subgraph ID: 3_1	77 78 79
Subgraph ID: 3_1	60 61 62
Subgraph ID: 3_1	54 55 56
Subgraph ID: 3_1	5 6 7
Subgraph ID: 3_1	33 34 35
Subgraph ID: 3_1	21 22 23
Subgraph ID: 2_1	9 10
Subgraph ID: 2_1	86 87
Subgraph ID: 2_1	85 86
Subgraph ID: 2_1	84 85
Subgraph ID: 2_1	83 84
Subgraph ID: 2_1	82 83
Subgraph ID: 2_1	78 79
Subgraph ID: 2_1	77 78
Subgraph ID: 2_1	74 75
Subgraph ID: 2_1	63 64
Subgraph ID: 2_1	61 62
Subgraph ID: 2_1	60 61
Subgraph ID: 2_1	6 7
Subgraph ID: 2_1	58 59
Subgraph ID: 2_1	55 56
Subgraph ID: 2_1	54 55
Subgraph ID: 2_1	50 51
Subgraph ID: 2_1	5 6
Subgraph ID: 2_1	48 49
Subgraph ID: 2_1	43 44
Subgraph ID: 2_1	41 42
Subgraph ID: 2_1	39 40
Subgraph ID: 2_1	34 35
Subgraph ID: 2_1	33 34
Subgraph ID: 2_1	30 31
Subgraph ID: 2_1	28 29
Subgraph ID: 2_1	24 25
Subgraph ID: 2_1	22 23
Subgraph ID: 2_1	21 22
Subgraph ID: 2_1	18 19
Subgraph ID: 2_1	16 17
Subgraph ID: 2_1	14 15
Subgraph ID: 2_1	10 11
