Subgraph ID: 13_999	58 59 60 61 63 64 65 66 67 68 69 70 77
Subgraph ID: 13_991	58 59 60 61 62 63 64 65 67 68 69 70 77
Subgraph ID: 13_991	58 59 60 61 62 63 64 65 66 67 68 69 77
Subgraph ID: 13_918	80 81 82 83 85 86 87 89 90 91 92 96 97
Subgraph ID: 13_874	0 58 59 60 61 62 63 64 67 68 69 77 78
Subgraph ID: 13_874	0 58 59 60 61 62 63 64 65 67 68 77 78
Subgraph ID: 13_850	59 60 61 62 63 64 65 66 67 68 69 70 71
Subgraph ID: 13_76	59 60 61 63 64 67 68 69 70 71 72 73 74
Subgraph ID: 13_746	0 58 59 60 61 63 64 65 67 68 69 77 78
Subgraph ID: 13_711	58 59 60 61 63 64 65 67 68 69 70 71 77
Subgraph ID: 13_622	58 59 60 61 62 63 64 67 68 69 70 71 77
Subgraph ID: 13_608	0 58 59 60 61 63 64 67 68 69 70 77 78
Subgraph ID: 13_608	0 58 59 60 61 63 64 65 66 67 68 77 78
Subgraph ID: 13_360	81 85 86 87 88 89 90 91 92 93 94 96 97
Subgraph ID: 13_159	81 85 86 87 89 90 91 92 93 94 95 96 97
Subgraph ID: 13_1161	101 102 103 104 105 106 107 108 109 110 111 112 113
Subgraph ID: 13_1144	80 81 82 83 85 86 87 88 89 90 91 96 97
Subgraph ID: 13_1144	80 81 82 83 84 85 86 87 88 89 90 96 97
Subgraph ID: 13_1144	79 80 81 82 83 85 86 87 88 89 90 96 97
Subgraph ID: 13_1066	79 80 81 82 83 84 85 86 87 89 90 96 97
Subgraph ID: 13_1007	80 81 82 83 84 85 86 87 89 90 91 96 97
Subgraph ID: 13_1007	79 80 81 82 83 85 86 87 89 90 91 96 97
Subgraph ID: 12_499	80 81 82 83 85 86 87 88 89 90 96 97
Subgraph ID: 12_467	101 102 103 104 105 106 107 108 109 111 112 113
Subgraph ID: 12_445	59 60 61 62 63 64 65 66 67 68 69 70
Subgraph ID: 12_441	58 59 60 61 62 63 64 65 67 68 69 77
Subgraph ID: 12_437	80 81 82 83 85 86 87 89 90 91 96 97
Subgraph ID: 12_437	80 81 82 83 84 85 86 87 89 90 96 97
Subgraph ID: 12_437	79 80 81 82 83 85 86 87 89 90 96 97
Subgraph ID: 12_379	58 59 60 61 63 64 65 67 68 69 70 77
Subgraph ID: 12_379	58 59 60 61 63 64 65 66 67 68 69 77
Subgraph ID: 12_374	0 58 59 60 61 62 63 64 67 68 77 78
Subgraph ID: 12_358	58 59 60 61 62 63 64 67 68 69 70 77
Subgraph ID: 12_358	58 59 60 61 62 63 64 65 66 67 68 77
Subgraph ID: 12_316	59 60 61 63 64 65 66 67 68 69 70 71
Subgraph ID: 12_286	59 60 61 62 63 64 65 67 68 69 70 71
Subgraph ID: 12_285	0 58 59 60 61 63 64 67 68 69 77 78
Subgraph ID: 12_285	0 58 59 60 61 63 64 65 67 68 77 78
Subgraph ID: 12_262	99 100 101 114 115 116 117 118 119 120 121 122
Subgraph ID: 12_254	81 85 86 87 88 89 90 91 92 93 96 97
Subgraph ID: 12_212	58 59 60 61 63 64 67 68 69 70 71 77
Subgraph ID: 12_134	81 85 86 87 89 90 91 92 93 94 96 97
Subgraph ID: 11_82	59 60 61 62 63 64 67 68 69 70 71
Subgraph ID: 11_192	80 81 82 83 85 86 87 89 90 96 97
Subgraph ID: 11_179	59 60 61 63 64 65 66 67 68 69 70
Subgraph ID: 11_174	58 59 60 61 62 63 64 67 68 69 77
Subgraph ID: 11_174	58 59 60 61 62 63 64 65 67 68 77
Subgraph ID: 11_164	58 59 60 61 63 64 65 67 68 69 77
Subgraph ID: 11_163	59 60 61 62 63 64 65 67 68 69 70
Subgraph ID: 11_163	59 60 61 62 63 64 65 66 67 68 69
Subgraph ID: 11_153	81 85 86 87 88 89 90 91 92 96 97
Subgraph ID: 11_135	99 100 101 114 115 116 117 118 119 121 122
Subgraph ID: 11_125	58 59 60 61 63 64 67 68 69 70 77
Subgraph ID: 11_125	58 59 60 61 63 64 65 66 67 68 77
Subgraph ID: 11_123	0 58 59 60 61 63 64 67 68 77 78
Subgraph ID: 11_115	99 100 101 114 115 117 118 119 120 121 122
Subgraph ID: 11_114	59 60 61 63 64 65 67 68 69 70 71
Subgraph ID: 11_101	81 85 86 87 89 90 91 92 93 96 97
Subgraph ID: 10_82	58 59 60 61 62 63 64 67 68 77
Subgraph ID: 10_81	81 85 86 87 88 89 90 91 96 97
Subgraph ID: 10_79	59 60 61 62 63 64 65 67 68 69
Subgraph ID: 10_77	59 60 61 63 64 65 67 68 69 70
Subgraph ID: 10_77	59 60 61 63 64 65 66 67 68 69
Subgraph ID: 10_68	81 85 86 87 89 90 91 92 96 97
Subgraph ID: 10_66	58 59 60 61 63 64 67 68 69 77
Subgraph ID: 10_66	58 59 60 61 63 64 65 67 68 77
Subgraph ID: 10_61	99 100 101 114 115 117 118 119 121 122
Subgraph ID: 10_55	59 60 61 62 63 64 67 68 69 70
Subgraph ID: 10_55	59 60 61 62 63 64 65 66 67 68
Subgraph ID: 10_46	99 100 101 114 117 118 119 120 121 122
Subgraph ID: 10_35	59 60 61 63 64 67 68 69 70 71
Subgraph ID: 10_105	101 102 103 107 108 109 110 111 112 113
Subgraph ID: 9_6	68 69 70 71 72 73 74 75 76
Subgraph ID: 9_47	101 102 103 107 108 109 111 112 113
Subgraph ID: 9_39	59 60 61 63 64 65 67 68 69
Subgraph ID: 9_38	81 85 86 87 89 90 91 96 97
Subgraph ID: 9_38	81 85 86 87 88 89 90 96 97
Subgraph ID: 9_31	59 60 61 62 63 64 67 68 69
Subgraph ID: 9_31	59 60 61 62 63 64 65 67 68
Subgraph ID: 9_29	58 59 60 61 63 64 67 68 77
Subgraph ID: 9_27	59 60 61 63 64 67 68 69 70
Subgraph ID: 9_27	59 60 61 63 64 65 66 67 68
Subgraph ID: 9_25	99 100 101 114 117 118 119 121 122
Subgraph ID: 9_13	123 124 125 126 127 128 129 130 131
Subgraph ID: 8_6	123 124 125 126 127 128 129 130
Subgraph ID: 8_5	69 70 71 72 73 74 75 76
Subgraph ID: 8_3	68 69 70 71 72 73 74 75
Subgraph ID: 8_19	3 15 16 17 18 19 20 21
Subgraph ID: 8_18	81 85 86 87 89 90 96 97
Subgraph ID: 8_17	59 60 61 63 64 67 68 69
Subgraph ID: 8_17	59 60 61 63 64 65 67 68
Subgraph ID: 8_15	59 60 61 62 63 64 67 68
Subgraph ID: 8_14	99 100 101 114 115 116 117 122
Subgraph ID: 8_12	123 124 125 126 127 128 130 131
Subgraph ID: 7_9	59 60 61 63 64 67 68
Subgraph ID: 7_7	123 124 125 126 127 130 131
Subgraph ID: 7_6	33 34 35 36 37 38 39
Subgraph ID: 7_5	123 124 125 126 127 128 130
Subgraph ID: 7_3	70 71 72 73 74 75 76
Subgraph ID: 7_3	69 70 71 72 73 74 75
Subgraph ID: 7_2	68 69 70 71 72 73 74
Subgraph ID: 7_10	99 100 101 114 115 117 122
Subgraph ID: 6_6	99 100 101 114 117 122
Subgraph ID: 6_5	123 124 125 126 130 131
Subgraph ID: 6_5	123 124 125 126 127 130
Subgraph ID: 6_4	33 34 35 36 38 39
Subgraph ID: 6_3	70 71 72 73 74 75
Subgraph ID: 6_2	71 72 73 74 75 76
Subgraph ID: 6_2	69 70 71 72 73 74
Subgraph ID: 6_1	90 91 92 93 94 95
Subgraph ID: 5_3	123 124 125 126 130
Subgraph ID: 5_2	71 72 73 74 75
Subgraph ID: 5_2	70 71 72 73 74
Subgraph ID: 5_2	117 118 119 120 121
Subgraph ID: 5_1	91 92 93 94 95
Subgraph ID: 5_1	90 91 92 93 94
Subgraph ID: 5_1	48 49 50 51 52
Subgraph ID: 4_2	71 72 73 74
Subgraph ID: 4_2	117 118 119 121
Subgraph ID: 4_2	103 104 105 106
Subgraph ID: 4_1	92 93 94 95
Subgraph ID: 4_1	91 92 93 94
Subgraph ID: 4_1	90 91 92 93
Subgraph ID: 4_1	68 69 70 71
Subgraph ID: 4_1	49 50 51 52
Subgraph ID: 4_1	48 49 50 51
Subgraph ID: 4_1	42 43 44 45
Subgraph ID: 4_1	135 136 137 138
Subgraph ID: 4_1	126 127 128 129
Subgraph ID: 3_1	93 94 95
Subgraph ID: 3_1	92 93 94
Subgraph ID: 3_1	91 92 93
Subgraph ID: 3_1	90 91 92
Subgraph ID: 3_1	74 75 76
Subgraph ID: 3_1	69 70 71
Subgraph ID: 3_1	68 69 70
Subgraph ID: 3_1	64 65 66
Subgraph ID: 3_1	54 55 56
Subgraph ID: 3_1	50 51 52
Subgraph ID: 3_1	49 50 51
Subgraph ID: 3_1	48 49 50
Subgraph ID: 3_1	43 44 45
Subgraph ID: 3_1	42 43 44
Subgraph ID: 3_1	136 137 138
Subgraph ID: 3_1	135 136 137
Subgraph ID: 3_1	127 128 129
Subgraph ID: 3_1	126 127 128
Subgraph ID: 3_1	114 115 116
Subgraph ID: 2_1	94 95
Subgraph ID: 2_1	93 94
Subgraph ID: 2_1	92 93
Subgraph ID: 2_1	91 92
Subgraph ID: 2_1	90 91
Subgraph ID: 2_1	87 88
Subgraph ID: 2_1	83 84
Subgraph ID: 2_1	79 80
Subgraph ID: 2_1	75 76
Subgraph ID: 2_1	74 75
Subgraph ID: 2_1	70 71
Subgraph ID: 2_1	69 70
Subgraph ID: 2_1	68 69
Subgraph ID: 2_1	65 66
Subgraph ID: 2_1	64 65
Subgraph ID: 2_1	61 62
Subgraph ID: 2_1	6 7
Subgraph ID: 2_1	55 56
Subgraph ID: 2_1	54 55
Subgraph ID: 2_1	51 52
Subgraph ID: 2_1	50 51
Subgraph ID: 2_1	49 50
Subgraph ID: 2_1	48 49
Subgraph ID: 2_1	44 45
Subgraph ID: 2_1	43 44
Subgraph ID: 2_1	42 43
Subgraph ID: 2_1	36 37
Subgraph ID: 2_1	28 29
Subgraph ID: 2_1	24 25
Subgraph ID: 2_1	137 138
Subgraph ID: 2_1	136 137
Subgraph ID: 2_1	135 136
Subgraph ID: 2_1	130 131
Subgraph ID: 2_1	13 14
Subgraph ID: 2_1	128 129
Subgraph ID: 2_1	127 128
Subgraph ID: 2_1	126 127
Subgraph ID: 2_1	119 120
Subgraph ID: 2_1	115 116
Subgraph ID: 2_1	114 115
Subgraph ID: 2_1	109 110
