Subgraph ID: 13_988	0 35 36 37 38 40 41 42 43 44 45 46 47
Subgraph ID: 13_873	0 35 36 37 38 39 40 41 42 43 44 45 46
Subgraph ID: 13_1274	59 60 61 62 63 66 67 68 69 70 71 73 78
Subgraph ID: 13_1264	18 19 20 21 25 26 28 29 30 31 32 33 34
Subgraph ID: 13_1264	18 19 20 21 25 26 27 28 29 30 31 33 34
Subgraph ID: 13_1259	59 60 61 62 66 67 68 69 70 71 72 73 78
Subgraph ID: 13_1207	18 19 20 21 25 26 27 28 30 31 32 33 34
Subgraph ID: 13_1207	18 19 20 21 25 26 27 28 29 30 31 32 33
Subgraph ID: 13_1176	0 35 36 37 38 39 40 41 42 43 45 46 47
Subgraph ID: 13_1165	2 3 4 5 6 7 8 9 10 12 13 14 15
Subgraph ID: 13_1165	2 3 4 5 6 7 8 9 10 11 12 13 15
Subgraph ID: 13_1155	18 19 20 21 22 23 24 25 28 30 31 33 34
Subgraph ID: 13_1155	18 19 20 21 22 23 24 25 28 29 30 33 34
Subgraph ID: 13_1155	18 19 20 21 22 23 24 25 28 29 30 31 33
Subgraph ID: 13_1155	18 19 20 21 22 23 24 25 26 28 30 33 34
Subgraph ID: 13_1155	18 19 20 21 22 23 24 25 26 28 30 31 33
Subgraph ID: 13_1155	18 19 20 21 22 23 24 25 26 28 29 30 33
Subgraph ID: 13_1084	18 19 20 21 22 23 24 25 28 30 31 32 33
Subgraph ID: 13_1084	18 19 20 21 22 23 24 25 26 27 28 30 33
Subgraph ID: 12_548	18 19 20 21 25 26 28 29 30 31 33 34
Subgraph ID: 12_533	59 60 61 62 66 67 68 69 70 71 73 78
Subgraph ID: 12_520	18 19 20 21 25 28 29 30 31 32 33 34
Subgraph ID: 12_520	18 19 20 21 25 26 28 30 31 32 33 34
Subgraph ID: 12_520	18 19 20 21 25 26 28 29 30 31 32 33
Subgraph ID: 12_520	18 19 20 21 25 26 27 28 30 31 33 34
Subgraph ID: 12_520	18 19 20 21 25 26 27 28 29 30 33 34
Subgraph ID: 12_520	18 19 20 21 25 26 27 28 29 30 31 33
Subgraph ID: 12_511	0 35 36 37 38 40 41 42 43 45 46 47
Subgraph ID: 12_510	0 35 36 37 38 39 40 41 42 45 46 47
Subgraph ID: 12_486	2 3 4 5 6 7 8 9 10 12 13 15
Subgraph ID: 12_474	18 19 20 21 25 26 27 28 30 31 32 33
Subgraph ID: 12_453	0 35 36 37 38 39 40 41 42 43 45 46
Subgraph ID: 12_451	18 19 20 21 22 23 24 25 28 30 33 34
Subgraph ID: 12_451	18 19 20 21 22 23 24 25 28 30 31 33
Subgraph ID: 12_451	18 19 20 21 22 23 24 25 28 29 30 33
Subgraph ID: 12_451	18 19 20 21 22 23 24 25 26 28 30 33
Subgraph ID: 12_396	46 47 48 49 50 51 52 53 54 55 56 57
Subgraph ID: 12_361	0 35 36 37 38 40 41 42 43 44 45 46
Subgraph ID: 11_231	18 19 20 21 25 28 29 30 31 33 34
Subgraph ID: 11_231	18 19 20 21 25 26 28 30 31 33 34
Subgraph ID: 11_231	18 19 20 21 25 26 28 29 30 33 34
Subgraph ID: 11_231	18 19 20 21 25 26 28 29 30 31 33
Subgraph ID: 11_227	0 35 36 37 38 40 41 42 45 46 47
Subgraph ID: 11_212	18 19 20 21 25 28 30 31 32 33 34
Subgraph ID: 11_212	18 19 20 21 25 28 29 30 31 32 33
Subgraph ID: 11_212	18 19 20 21 25 26 28 30 31 32 33
Subgraph ID: 11_212	18 19 20 21 25 26 27 28 30 33 34
Subgraph ID: 11_212	18 19 20 21 25 26 27 28 30 31 33
Subgraph ID: 11_212	18 19 20 21 25 26 27 28 29 30 33
Subgraph ID: 11_207	0 35 36 37 38 39 40 41 45 46 47
Subgraph ID: 11_207	0 35 36 37 38 39 40 41 42 45 46
Subgraph ID: 11_201	0 35 36 37 38 40 41 42 43 45 46
Subgraph ID: 11_181	18 19 20 21 22 23 24 25 28 30 33
Subgraph ID: 11_174	47 48 49 50 51 52 53 54 55 56 57
Subgraph ID: 11_168	46 47 48 49 50 51 52 53 54 56 57
Subgraph ID: 11_131	46 47 48 49 50 51 53 54 55 56 57
Subgraph ID: 10_89	18 19 20 21 25 28 30 31 32 33
Subgraph ID: 10_89	18 19 20 21 25 26 27 28 30 33
Subgraph ID: 10_88	0 35 36 37 38 39 40 41 45 46
Subgraph ID: 10_82	47 48 49 50 51 52 53 54 56 57
Subgraph ID: 10_66	47 48 49 50 51 53 54 55 56 57
Subgraph ID: 10_57	46 47 48 49 50 51 53 54 56 57
Subgraph ID: 10_104	18 19 20 21 25 28 30 31 33 34
Subgraph ID: 10_104	18 19 20 21 25 28 29 30 33 34
Subgraph ID: 10_104	18 19 20 21 25 28 29 30 31 33
Subgraph ID: 10_104	18 19 20 21 25 26 28 30 33 34
Subgraph ID: 10_104	18 19 20 21 25 26 28 30 31 33
Subgraph ID: 10_104	18 19 20 21 25 26 28 29 30 33
Subgraph ID: 10_100	0 35 36 37 38 40 41 45 46 47
Subgraph ID: 10_100	0 35 36 37 38 40 41 42 45 46
Subgraph ID: 9_46	18 19 20 21 25 28 30 33 34
Subgraph ID: 9_46	18 19 20 21 25 28 30 31 33
Subgraph ID: 9_46	18 19 20 21 25 28 29 30 33
Subgraph ID: 9_46	18 19 20 21 25 26 28 30 33
Subgraph ID: 9_42	0 35 36 37 38 40 41 45 46
Subgraph ID: 9_31	48 50 51 52 53 54 55 56 57
Subgraph ID: 9_29	47 48 49 50 51 53 54 56 57
Subgraph ID: 8_23	18 19 20 21 25 28 30 33
Subgraph ID: 8_17	48 50 51 53 54 55 56 57
Subgraph ID: 8_15	48 50 51 52 53 54 56 57
Subgraph ID: 7_9	48 50 51 53 54 56 57
Subgraph ID: 7_9	3 4 5 6 7 8 9
Subgraph ID: 5_2	73 74 75 76 77
Subgraph ID: 4_2	73 74 75 77
Subgraph ID: 4_2	21 22 23 24
Subgraph ID: 4_1	62 63 64 65
Subgraph ID: 4_1	41 42 43 44
Subgraph ID: 3_1	86 87 88
Subgraph ID: 3_1	81 82 83
Subgraph ID: 3_1	63 64 65
Subgraph ID: 3_1	62 63 64
Subgraph ID: 3_1	42 43 44
Subgraph ID: 3_1	41 42 43
Subgraph ID: 3_1	30 31 32
Subgraph ID: 3_1	25 26 27
Subgraph ID: 2_1	87 88
Subgraph ID: 2_1	86 87
Subgraph ID: 2_1	84 85
Subgraph ID: 2_1	82 83
Subgraph ID: 2_1	81 82
Subgraph ID: 2_1	75 76
Subgraph ID: 2_1	71 72
Subgraph ID: 2_1	64 65
Subgraph ID: 2_1	63 64
Subgraph ID: 2_1	62 63
Subgraph ID: 2_1	54 55
Subgraph ID: 2_1	51 52
Subgraph ID: 2_1	46 47
Subgraph ID: 2_1	43 44
Subgraph ID: 2_1	42 43
Subgraph ID: 2_1	41 42
Subgraph ID: 2_1	38 39
Subgraph ID: 2_1	33 34
Subgraph ID: 2_1	31 32
Subgraph ID: 2_1	30 31
Subgraph ID: 2_1	28 29
Subgraph ID: 2_1	26 27
Subgraph ID: 2_1	25 26
Subgraph ID: 2_1	13 14
Subgraph ID: 2_1	10 11
