Subgraph ID: 13_918	108 109 110 111 114 115 116 118 119 120 121 123 124
Subgraph ID: 13_918	108 109 110 111 112 113 114 115 116 118 119 123 124
Subgraph ID: 13_766	24 25 26 33 34 35 36 37 39 40 41 42 43
Subgraph ID: 13_766	24 25 26 33 34 35 36 37 38 39 40 41 42
Subgraph ID: 13_729	24 25 26 27 33 34 35 36 37 39 40 41 42
Subgraph ID: 13_729	23 24 25 26 33 34 35 36 37 39 40 41 42
Subgraph ID: 13_610	23 24 25 26 27 33 34 35 36 39 40 41 42
Subgraph ID: 13_610	23 24 25 26 27 33 34 35 36 37 39 40 41
Subgraph ID: 13_549	23 24 25 26 27 28 33 34 35 36 39 40 41
Subgraph ID: 13_505	24 25 26 27 33 34 35 36 39 40 41 42 43
Subgraph ID: 13_505	24 25 26 27 33 34 35 36 37 38 39 40 41
Subgraph ID: 13_505	23 24 25 26 33 34 35 36 39 40 41 42 43
Subgraph ID: 13_505	23 24 25 26 33 34 35 36 37 38 39 40 41
Subgraph ID: 13_49	24 25 26 27 28 29 30 31 33 34 35 39 40
Subgraph ID: 13_447	24 25 26 27 28 33 34 35 36 39 40 41 42
Subgraph ID: 13_447	24 25 26 27 28 33 34 35 36 37 39 40 41
Subgraph ID: 13_429	23 24 25 26 27 28 33 34 35 39 40 41 42
Subgraph ID: 13_429	23 24 25 26 27 28 33 34 35 36 37 39 40
Subgraph ID: 13_378	23 24 25 26 27 28 29 33 34 35 39 40 41
Subgraph ID: 13_378	23 24 25 26 27 28 29 33 34 35 36 39 40
Subgraph ID: 13_342	23 24 25 26 27 33 34 35 39 40 41 42 43
Subgraph ID: 13_342	23 24 25 26 27 33 34 35 36 37 38 39 40
Subgraph ID: 13_269	24 25 26 27 28 29 33 34 35 36 39 40 41
Subgraph ID: 13_245	24 25 26 27 28 33 34 35 39 40 41 42 43
Subgraph ID: 13_245	24 25 26 27 28 33 34 35 36 37 38 39 40
Subgraph ID: 13_228	23 24 25 26 27 28 29 30 33 34 35 39 40
Subgraph ID: 13_204	24 25 26 27 28 29 33 34 35 39 40 41 42
Subgraph ID: 13_204	24 25 26 27 28 29 33 34 35 36 37 39 40
Subgraph ID: 13_120	24 25 26 27 28 29 30 33 34 35 39 40 41
Subgraph ID: 13_120	24 25 26 27 28 29 30 33 34 35 36 39 40
Subgraph ID: 13_1179	86 87 88 90 91 92 93 94 95 96 97 98 99
Subgraph ID: 13_1179	86 87 88 89 90 91 92 93 95 96 97 98 99
Subgraph ID: 13_1174	86 87 88 90 91 92 93 95 96 97 98 99 100
Subgraph ID: 13_1144	108 109 110 111 114 115 116 117 118 119 120 123 124
Subgraph ID: 13_1144	108 109 110 111 112 114 115 116 117 118 119 123 124
Subgraph ID: 13_1144	107 108 109 110 111 114 115 116 117 118 119 123 124
Subgraph ID: 13_1066	107 108 109 110 111 112 114 115 116 118 119 123 124
Subgraph ID: 13_1007	108 109 110 111 112 114 115 116 118 119 120 123 124
Subgraph ID: 13_1007	107 108 109 110 111 114 115 116 118 119 120 123 124
Subgraph ID: 12_89	24 25 26 27 28 29 33 34 35 39 40 41
Subgraph ID: 12_89	24 25 26 27 28 29 33 34 35 36 39 40
Subgraph ID: 12_518	86 87 88 90 91 92 93 95 96 97 98 99
Subgraph ID: 12_499	108 109 110 111 114 115 116 117 118 119 123 124
Subgraph ID: 12_437	108 109 110 111 114 115 116 118 119 120 123 124
Subgraph ID: 12_437	108 109 110 111 112 114 115 116 118 119 123 124
Subgraph ID: 12_437	107 108 109 110 111 114 115 116 118 119 123 124
Subgraph ID: 12_43	24 25 26 27 28 29 30 33 34 35 39 40
Subgraph ID: 12_397	87 90 91 92 93 94 95 96 97 98 99 100
Subgraph ID: 12_375	24 25 26 33 34 35 36 37 39 40 41 42
Subgraph ID: 12_257	23 24 25 26 27 33 34 35 36 39 40 41
Subgraph ID: 12_255	24 25 26 27 33 34 35 36 39 40 41 42
Subgraph ID: 12_255	24 25 26 27 33 34 35 36 37 39 40 41
Subgraph ID: 12_255	23 24 25 26 33 34 35 36 39 40 41 42
Subgraph ID: 12_255	23 24 25 26 33 34 35 36 37 39 40 41
Subgraph ID: 12_254	109 114 115 116 117 118 119 120 121 122 123 124
Subgraph ID: 12_240	24 25 26 33 34 35 36 39 40 41 42 43
Subgraph ID: 12_240	24 25 26 33 34 35 36 37 38 39 40 41
Subgraph ID: 12_214	23 24 25 26 27 28 33 34 35 39 40 41
Subgraph ID: 12_214	23 24 25 26 27 28 33 34 35 36 39 40
Subgraph ID: 12_197	23 24 25 26 27 33 34 35 39 40 41 42
Subgraph ID: 12_197	23 24 25 26 27 33 34 35 36 37 39 40
Subgraph ID: 12_181	24 25 26 27 28 33 34 35 36 39 40 41
Subgraph ID: 12_158	23 24 25 26 27 28 29 33 34 35 39 40
Subgraph ID: 12_135	24 25 26 27 28 33 34 35 39 40 41 42
Subgraph ID: 12_135	24 25 26 27 28 33 34 35 36 37 39 40
Subgraph ID: 12_132	24 25 26 27 33 34 35 39 40 41 42 43
Subgraph ID: 12_132	24 25 26 27 33 34 35 36 37 38 39 40
Subgraph ID: 12_132	23 24 25 26 33 34 35 39 40 41 42 43
Subgraph ID: 12_132	23 24 25 26 33 34 35 36 37 38 39 40
Subgraph ID: 11_98	23 24 25 26 27 33 34 35 39 40 41
Subgraph ID: 11_98	23 24 25 26 27 33 34 35 36 39 40
Subgraph ID: 11_91	23 24 25 26 27 28 33 34 35 39 40
Subgraph ID: 11_76	24 25 26 27 33 34 35 39 40 41 42
Subgraph ID: 11_76	24 25 26 27 33 34 35 36 37 39 40
Subgraph ID: 11_76	23 24 25 26 33 34 35 39 40 41 42
Subgraph ID: 11_76	23 24 25 26 33 34 35 36 37 39 40
Subgraph ID: 11_64	24 25 26 33 34 35 39 40 41 42 43
Subgraph ID: 11_64	24 25 26 33 34 35 36 37 38 39 40
Subgraph ID: 11_62	24 25 26 27 28 33 34 35 39 40 41
Subgraph ID: 11_62	24 25 26 27 28 33 34 35 36 39 40
Subgraph ID: 11_45	33 34 35 36 37 38 39 40 41 42 43
Subgraph ID: 11_4	23 24 25 26 27 28 29 30 31 32 33
Subgraph ID: 11_34	24 25 26 27 28 29 33 34 35 39 40
Subgraph ID: 11_192	108 109 110 111 114 115 116 118 119 123 124
Subgraph ID: 11_182	87 90 91 92 93 95 96 97 98 99 100
Subgraph ID: 11_169	87 90 91 92 93 94 95 96 97 98 99
Subgraph ID: 11_153	109 114 115 116 117 118 119 120 121 123 124
Subgraph ID: 11_134	24 25 26 33 34 35 36 39 40 41 42
Subgraph ID: 11_134	24 25 26 33 34 35 36 37 39 40 41
Subgraph ID: 11_107	24 25 26 27 33 34 35 36 39 40 41
Subgraph ID: 11_107	23 24 25 26 33 34 35 36 39 40 41
Subgraph ID: 11_101	109 114 115 116 118 119 120 121 122 123 124
Subgraph ID: 10_85	87 90 91 92 93 95 96 97 98 99
Subgraph ID: 10_81	109 114 115 116 117 118 119 120 123 124
Subgraph ID: 10_68	109 114 115 116 118 119 120 121 123 124
Subgraph ID: 10_58	24 25 26 33 34 35 36 39 40 41
Subgraph ID: 10_43	23 24 25 26 27 33 34 35 39 40
Subgraph ID: 10_41	24 25 26 33 34 35 39 40 41 42
Subgraph ID: 10_41	24 25 26 33 34 35 36 37 39 40
Subgraph ID: 10_4	23 24 25 26 27 28 29 30 31 33
Subgraph ID: 10_38	24 25 26 27 33 34 35 39 40 41
Subgraph ID: 10_38	24 25 26 27 33 34 35 36 39 40
Subgraph ID: 10_38	23 24 25 26 33 34 35 39 40 41
Subgraph ID: 10_38	23 24 25 26 33 34 35 36 39 40
Subgraph ID: 10_30	33 34 35 36 37 39 40 41 42 43
Subgraph ID: 10_30	33 34 35 36 37 38 39 40 41 42
Subgraph ID: 10_25	24 25 26 27 28 33 34 35 39 40
Subgraph ID: 10_2	24 25 26 27 28 29 30 31 32 33
Subgraph ID: 9_4	23 24 25 26 27 28 29 30 33
Subgraph ID: 9_38	109 114 115 116 118 119 120 123 124
Subgraph ID: 9_38	109 114 115 116 117 118 119 123 124
Subgraph ID: 9_22	24 25 26 33 34 35 39 40 41
Subgraph ID: 9_22	24 25 26 33 34 35 36 39 40
Subgraph ID: 9_20	33 34 35 36 37 39 40 41 42
Subgraph ID: 9_2	24 25 26 27 28 29 30 31 33
Subgraph ID: 9_17	24 25 26 27 33 34 35 39 40
Subgraph ID: 9_17	23 24 25 26 33 34 35 39 40
Subgraph ID: 9_13	33 34 35 36 39 40 41 42 43
Subgraph ID: 9_13	33 34 35 36 37 38 39 40 41
Subgraph ID: 8_9	24 25 26 33 34 35 39 40
Subgraph ID: 8_6	33 34 35 39 40 41 42 43
Subgraph ID: 8_6	33 34 35 36 37 38 39 40
Subgraph ID: 8_5	152 153 154 155 156 157 158 159
Subgraph ID: 8_3	23 24 25 26 27 28 29 33
Subgraph ID: 8_2	24 25 26 27 28 29 30 33
Subgraph ID: 8_18	109 114 115 116 118 119 123 124
Subgraph ID: 8_12	33 34 35 36 39 40 41 42
Subgraph ID: 8_12	33 34 35 36 37 39 40 41
Subgraph ID: 7_8	55 56 57 58 59 60 61
Subgraph ID: 7_7	33 34 35 36 39 40 41
Subgraph ID: 7_5	33 34 35 39 40 41 42
Subgraph ID: 7_5	33 34 35 36 37 39 40
Subgraph ID: 7_3	23 24 25 26 27 28 33
Subgraph ID: 7_3	152 153 154 155 157 158 159
Subgraph ID: 7_3	152 153 154 155 156 157 158
Subgraph ID: 7_2	64 65 66 67 68 69 70
Subgraph ID: 7_2	24 25 26 27 28 29 33
Subgraph ID: 7_1	26 27 28 29 30 31 32
Subgraph ID: 6_5	99 100 101 102 103 104
Subgraph ID: 6_5	33 34 35 39 40 41
Subgraph ID: 6_5	33 34 35 36 39 40
Subgraph ID: 6_3	56 57 58 59 60 61
Subgraph ID: 6_3	55 56 57 58 60 61
Subgraph ID: 6_3	55 56 57 58 59 60
Subgraph ID: 6_3	23 24 25 26 27 33
Subgraph ID: 6_3	152 153 154 155 157 158
Subgraph ID: 6_2	73 74 75 76 77 78
Subgraph ID: 6_2	64 65 66 67 68 70
Subgraph ID: 6_2	24 25 26 27 28 33
Subgraph ID: 6_2	152 153 154 157 158 159
Subgraph ID: 6_2	152 153 154 155 156 157
Subgraph ID: 6_2	14 15 16 17 18 19
Subgraph ID: 6_1	27 28 29 30 31 32
Subgraph ID: 6_1	26 27 28 29 30 31
Subgraph ID: 5_3	33 34 35 39 40
Subgraph ID: 5_3	100 101 102 103 104
Subgraph ID: 5_2	74 75 76 77 78
Subgraph ID: 5_2	64 65 66 67 70
Subgraph ID: 5_2	56 57 58 60 61
Subgraph ID: 5_2	56 57 58 59 60
Subgraph ID: 5_2	55 56 57 58 60
Subgraph ID: 5_2	24 25 26 27 33
Subgraph ID: 5_2	23 24 25 26 33
Subgraph ID: 5_2	152 153 154 157 158
Subgraph ID: 5_2	152 153 154 155 157
Subgraph ID: 5_2	15 16 17 18 19
Subgraph ID: 5_2	126 127 128 129 130
Subgraph ID: 5_1	28 29 30 31 32
Subgraph ID: 5_1	27 28 29 30 31
Subgraph ID: 5_1	26 27 28 29 30
Subgraph ID: 4_2	75 76 77 78
Subgraph ID: 4_2	64 65 66 70
Subgraph ID: 4_2	56 57 58 60
Subgraph ID: 4_2	24 25 26 33
Subgraph ID: 4_2	16 17 18 19
Subgraph ID: 4_2	152 153 154 157
Subgraph ID: 4_2	126 127 128 130
Subgraph ID: 4_1	66 67 68 69
Subgraph ID: 4_1	40 41 42 43
Subgraph ID: 4_1	35 36 37 38
Subgraph ID: 4_1	29 30 31 32
Subgraph ID: 4_1	28 29 30 31
Subgraph ID: 4_1	27 28 29 30
Subgraph ID: 4_1	26 27 28 29
Subgraph ID: 4_1	160 161 162 163
Subgraph ID: 4_1	147 148 149 150
Subgraph ID: 4_1	119 120 121 122
Subgraph ID: 3_1	73 74 75
Subgraph ID: 3_1	67 68 69
Subgraph ID: 3_1	66 67 68
Subgraph ID: 3_1	51 52 53
Subgraph ID: 3_1	41 42 43
Subgraph ID: 3_1	40 41 42
Subgraph ID: 3_1	36 37 38
Subgraph ID: 3_1	35 36 37
Subgraph ID: 3_1	30 31 32
Subgraph ID: 3_1	29 30 31
Subgraph ID: 3_1	28 29 30
Subgraph ID: 3_1	27 28 29
Subgraph ID: 3_1	26 27 28
Subgraph ID: 3_1	161 162 163
Subgraph ID: 3_1	160 161 162
Subgraph ID: 3_1	157 158 159
Subgraph ID: 3_1	154 155 156
Subgraph ID: 3_1	148 149 150
Subgraph ID: 3_1	147 148 149
Subgraph ID: 3_1	14 15 16
Subgraph ID: 3_1	120 121 122
Subgraph ID: 3_1	119 120 121
Subgraph ID: 3_1	111 112 113
Subgraph ID: 2_1	99 100
Subgraph ID: 2_1	93 94
Subgraph ID: 2_1	88 89
Subgraph ID: 2_1	80 81
Subgraph ID: 2_1	74 75
Subgraph ID: 2_1	73 74
Subgraph ID: 2_1	68 69
Subgraph ID: 2_1	67 68
Subgraph ID: 2_1	66 67
Subgraph ID: 2_1	60 61
Subgraph ID: 2_1	6 7
Subgraph ID: 2_1	58 59
Subgraph ID: 2_1	55 56
Subgraph ID: 2_1	52 53
Subgraph ID: 2_1	51 52
Subgraph ID: 2_1	47 48
Subgraph ID: 2_1	42 43
Subgraph ID: 2_1	41 42
Subgraph ID: 2_1	40 41
Subgraph ID: 2_1	37 38
Subgraph ID: 2_1	36 37
Subgraph ID: 2_1	35 36
Subgraph ID: 2_1	31 32
Subgraph ID: 2_1	30 31
Subgraph ID: 2_1	29 30
Subgraph ID: 2_1	28 29
Subgraph ID: 2_1	27 28
Subgraph ID: 2_1	26 27
Subgraph ID: 2_1	23 24
Subgraph ID: 2_1	162 163
Subgraph ID: 2_1	161 162
Subgraph ID: 2_1	160 161
Subgraph ID: 2_1	158 159
Subgraph ID: 2_1	157 158
Subgraph ID: 2_1	155 156
Subgraph ID: 2_1	154 155
Subgraph ID: 2_1	15 16
Subgraph ID: 2_1	149 150
Subgraph ID: 2_1	148 149
Subgraph ID: 2_1	147 148
Subgraph ID: 2_1	144 145
Subgraph ID: 2_1	142 143
Subgraph ID: 2_1	140 141
Subgraph ID: 2_1	14 15
Subgraph ID: 2_1	138 139
Subgraph ID: 2_1	128 129
Subgraph ID: 2_1	121 122
Subgraph ID: 2_1	120 121
Subgraph ID: 2_1	12 13
Subgraph ID: 2_1	119 120
Subgraph ID: 2_1	116 117
Subgraph ID: 2_1	112 113
Subgraph ID: 2_1	111 112
Subgraph ID: 2_1	107 108
Subgraph ID: 2_1	10 11
