Subgraph ID: 13_939	3 4 5 6 7 10 11 19 20 21 22 24 25
Subgraph ID: 13_869	54 55 56 57 58 59 60 62 63 73 77 78 79
Subgraph ID: 13_869	54 55 56 57 58 59 60 62 63 73 74 77 79
Subgraph ID: 13_869	54 55 56 57 58 59 60 61 62 73 77 78 79
Subgraph ID: 13_869	54 55 56 57 58 59 60 61 62 73 74 77 79
Subgraph ID: 13_814	55 56 57 58 59 60 61 62 63 73 74 77 78
Subgraph ID: 13_805	3 4 5 6 7 8 10 11 19 22 23 24 25
Subgraph ID: 13_805	3 4 5 6 7 8 10 11 19 20 22 24 25
Subgraph ID: 13_805	3 4 5 6 7 8 10 11 12 19 22 24 25
Subgraph ID: 13_799	55 56 57 58 59 60 62 63 73 74 75 77 78
Subgraph ID: 13_799	55 56 57 58 59 60 61 62 73 74 75 77 78
Subgraph ID: 13_763	54 55 56 57 58 59 60 61 62 63 73 77 79
Subgraph ID: 13_757	0 35 36 37 38 41 42 47 48 49 50 51 52
Subgraph ID: 13_757	0 35 36 37 38 39 41 47 48 49 50 51 52
Subgraph ID: 13_711	55 56 57 58 59 60 62 73 74 75 76 77 78
Subgraph ID: 13_683	0 35 36 37 38 39 41 42 47 48 50 51 52
Subgraph ID: 13_662	55 56 57 58 59 60 61 62 63 73 74 75 77
Subgraph ID: 13_504	0 35 36 37 38 39 40 41 42 47 50 51 52
Subgraph ID: 13_499	0 35 36 37 38 39 40 41 47 48 50 51 52
Subgraph ID: 13_479	55 56 57 58 59 60 62 63 73 74 75 76 77
Subgraph ID: 13_479	55 56 57 58 59 60 61 62 73 74 75 76 77
Subgraph ID: 13_1226	2 3 4 5 6 7 10 11 19 22 24 25 26
Subgraph ID: 13_1200	3 4 5 6 10 11 12 19 20 22 23 24 25
Subgraph ID: 13_1198	2 3 4 5 6 10 11 19 22 23 24 25 26
Subgraph ID: 13_1198	2 3 4 5 6 10 11 19 20 22 24 25 26
Subgraph ID: 13_1198	2 3 4 5 6 10 11 12 19 22 24 25 26
Subgraph ID: 13_1186	2 3 4 5 6 10 11 19 22 24 25 26 27
Subgraph ID: 13_1181	3 4 5 10 11 12 19 20 21 22 23 24 25
Subgraph ID: 13_1157	2 3 4 5 10 11 19 20 22 23 24 25 26
Subgraph ID: 13_1157	2 3 4 5 10 11 12 19 22 23 24 25 26
Subgraph ID: 13_1157	2 3 4 5 10 11 12 19 20 22 24 25 26
Subgraph ID: 13_1101	3 4 5 6 10 11 19 20 21 22 23 24 25
Subgraph ID: 13_1101	3 4 5 6 10 11 12 19 20 21 22 24 25
Subgraph ID: 13_1094	54 55 56 57 58 59 60 62 73 74 77 78 79
Subgraph ID: 13_1087	2 3 4 5 10 11 19 22 23 24 25 26 27
Subgraph ID: 13_1087	2 3 4 5 10 11 19 20 22 24 25 26 27
Subgraph ID: 13_1087	2 3 4 5 10 11 12 19 22 24 25 26 27
Subgraph ID: 13_1082	3 4 5 6 7 10 11 19 20 22 23 24 25
Subgraph ID: 13_1082	3 4 5 6 7 10 11 12 19 22 23 24 25
Subgraph ID: 13_1082	3 4 5 6 7 10 11 12 19 20 22 24 25
Subgraph ID: 13_1033	54 55 56 57 58 59 60 62 73 74 75 77 79
Subgraph ID: 13_1012	2 3 4 5 10 11 19 20 21 22 24 25 26
Subgraph ID: 12_524	2 3 4 5 6 10 11 19 22 24 25 26
Subgraph ID: 12_516	3 4 5 10 11 12 19 20 22 23 24 25
Subgraph ID: 12_495	3 4 5 6 10 11 19 20 22 23 24 25
Subgraph ID: 12_495	3 4 5 6 10 11 12 19 22 23 24 25
Subgraph ID: 12_495	3 4 5 6 10 11 12 19 20 22 24 25
Subgraph ID: 12_472	2 3 4 5 10 11 19 22 23 24 25 26
Subgraph ID: 12_472	2 3 4 5 10 11 19 20 22 24 25 26
Subgraph ID: 12_472	2 3 4 5 10 11 12 19 22 24 25 26
Subgraph ID: 12_463	2 3 4 5 10 11 19 22 24 25 26 27
Subgraph ID: 12_460	3 4 5 10 11 19 20 21 22 23 24 25
Subgraph ID: 12_460	3 4 5 10 11 12 19 20 21 22 24 25
Subgraph ID: 12_434	3 4 5 6 7 10 11 19 22 23 24 25
Subgraph ID: 12_434	3 4 5 6 7 10 11 19 20 22 24 25
Subgraph ID: 12_434	3 4 5 6 7 10 11 12 19 22 24 25
Subgraph ID: 12_417	54 55 56 57 58 59 60 62 73 77 78 79
Subgraph ID: 12_417	54 55 56 57 58 59 60 62 73 74 77 79
Subgraph ID: 12_414	3 4 5 6 10 11 19 20 21 22 24 25
Subgraph ID: 12_384	0 35 36 37 38 41 47 48 49 50 51 52
Subgraph ID: 12_379	55 56 57 58 59 60 62 73 74 75 77 78
Subgraph ID: 12_341	55 56 57 58 59 60 62 63 73 74 77 78
Subgraph ID: 12_341	55 56 57 58 59 60 61 62 73 74 77 78
Subgraph ID: 12_330	55 56 57 58 59 60 61 62 63 73 77 78
Subgraph ID: 12_330	55 56 57 58 59 60 61 62 63 73 74 77
Subgraph ID: 12_319	54 55 56 57 58 59 60 62 63 73 77 79
Subgraph ID: 12_319	54 55 56 57 58 59 60 61 62 73 77 79
Subgraph ID: 12_284	0 35 36 37 38 41 42 47 48 50 51 52
Subgraph ID: 12_284	0 35 36 37 38 39 41 47 48 50 51 52
Subgraph ID: 12_269	55 56 57 58 59 60 62 63 73 74 75 77
Subgraph ID: 12_269	55 56 57 58 59 60 61 62 73 74 75 77
Subgraph ID: 12_234	0 35 36 37 38 39 41 42 47 50 51 52
Subgraph ID: 12_212	55 56 57 58 59 60 62 73 74 75 76 77
Subgraph ID: 12_162	0 35 36 37 38 39 40 41 47 50 51 52
Subgraph ID: 11_93	0 35 36 37 38 41 42 47 50 51 52
Subgraph ID: 11_93	0 35 36 37 38 39 41 47 50 51 52
Subgraph ID: 11_211	3 4 5 10 11 19 20 22 23 24 25
Subgraph ID: 11_211	3 4 5 10 11 12 19 22 23 24 25
Subgraph ID: 11_211	3 4 5 10 11 12 19 20 22 24 25
Subgraph ID: 11_210	2 3 4 5 10 11 19 22 24 25 26
Subgraph ID: 11_203	3 4 5 6 10 11 19 22 23 24 25
Subgraph ID: 11_203	3 4 5 6 10 11 19 20 22 24 25
Subgraph ID: 11_203	3 4 5 6 10 11 12 19 22 24 25
Subgraph ID: 11_20	36 37 38 39 40 41 42 43 44 45 46
Subgraph ID: 11_167	3 4 5 10 11 19 20 21 22 24 25
Subgraph ID: 11_164	55 56 57 58 59 60 62 73 74 77 78
Subgraph ID: 11_151	54 55 56 57 58 59 60 62 73 77 79
Subgraph ID: 11_150	0 35 36 37 38 41 47 48 50 51 52
Subgraph ID: 11_139	55 56 57 58 59 60 61 62 63 73 77
Subgraph ID: 11_131	55 56 57 58 59 60 62 63 73 77 78
Subgraph ID: 11_131	55 56 57 58 59 60 62 63 73 74 77
Subgraph ID: 11_131	55 56 57 58 59 60 61 62 73 77 78
Subgraph ID: 11_131	55 56 57 58 59 60 61 62 73 74 77
Subgraph ID: 11_125	55 56 57 58 59 60 62 73 74 75 77
Subgraph ID: 11_116	62 63 64 65 66 67 68 69 70 71 72
Subgraph ID: 10_90	3 4 5 10 11 19 22 23 24 25
Subgraph ID: 10_90	3 4 5 10 11 19 20 22 24 25
Subgraph ID: 10_90	3 4 5 10 11 12 19 22 24 25
Subgraph ID: 10_70	62 63 64 65 66 67 68 69 70 72
Subgraph ID: 10_66	55 56 57 58 59 60 62 73 77 78
Subgraph ID: 10_66	55 56 57 58 59 60 62 73 74 77
Subgraph ID: 10_57	55 56 57 58 59 60 62 63 73 77
Subgraph ID: 10_57	55 56 57 58 59 60 61 62 73 77
Subgraph ID: 10_53	0 35 36 37 38 41 47 50 51 52
Subgraph ID: 10_37	63 64 65 66 67 68 69 70 71 72
Subgraph ID: 10_13	36 37 38 39 41 42 43 44 45 46
Subgraph ID: 10_11	36 37 38 39 40 41 42 43 44 46
Subgraph ID: 9_7	36 37 38 41 42 43 44 45 46
Subgraph ID: 9_7	36 37 38 39 41 42 43 44 46
Subgraph ID: 9_34	62 63 64 65 66 67 68 69 72
Subgraph ID: 9_29	55 56 57 58 59 60 62 73 77
Subgraph ID: 9_27	0 35 36 47 48 49 50 51 52
Subgraph ID: 9_24	63 64 65 66 67 68 69 70 72
Subgraph ID: 8_4	36 37 38 41 42 43 44 46
Subgraph ID: 8_20	11 12 13 14 15 16 17 18
Subgraph ID: 8_17	0 35 36 47 48 50 51 52
Subgraph ID: 8_16	56 57 58 59 60 61 62 63
Subgraph ID: 8_13	63 64 65 66 67 68 69 72
Subgraph ID: 7_9	0 35 36 47 50 51 52
Subgraph ID: 7_7	12 13 14 15 16 17 18
Subgraph ID: 7_7	11 12 13 14 16 17 18
Subgraph ID: 7_7	11 12 13 14 15 16 17
Subgraph ID: 7_6	56 57 58 59 60 62 63
Subgraph ID: 7_6	56 57 58 59 60 61 62
Subgraph ID: 7_3	36 37 38 39 40 41 42
Subgraph ID: 6_5	12 13 14 16 17 18
Subgraph ID: 6_5	12 13 14 15 16 17
Subgraph ID: 6_5	11 12 13 14 16 17
Subgraph ID: 6_3	41 42 43 44 45 46
Subgraph ID: 6_3	36 37 38 39 41 42
Subgraph ID: 6_2	36 37 38 39 40 41
Subgraph ID: 5_3	12 13 14 16 17
Subgraph ID: 5_2	42 43 44 45 46
Subgraph ID: 5_2	41 42 43 44 46
Subgraph ID: 5_2	36 37 38 41 42
Subgraph ID: 5_2	36 37 38 39 41
Subgraph ID: 5_1	80 81 82 83 84
Subgraph ID: 5_1	5 6 7 8 9
Subgraph ID: 4_2	42 43 44 46
Subgraph ID: 4_2	36 37 38 41
Subgraph ID: 4_1	81 82 83 84
Subgraph ID: 4_1	80 81 82 83
Subgraph ID: 4_1	73 74 75 76
Subgraph ID: 4_1	6 7 8 9
Subgraph ID: 4_1	5 6 7 8
Subgraph ID: 3_1	82 83 84
Subgraph ID: 3_1	81 82 83
Subgraph ID: 3_1	80 81 82
Subgraph ID: 3_1	74 75 76
Subgraph ID: 3_1	73 74 75
Subgraph ID: 3_1	7 8 9
Subgraph ID: 3_1	69 70 71
Subgraph ID: 3_1	6 7 8
Subgraph ID: 3_1	5 6 7
Subgraph ID: 3_1	47 48 49
Subgraph ID: 3_1	38 39 40
Subgraph ID: 3_1	32 33 34
Subgraph ID: 3_1	19 20 21
Subgraph ID: 2_1	83 84
Subgraph ID: 2_1	82 83
Subgraph ID: 2_1	81 82
Subgraph ID: 2_1	80 81
Subgraph ID: 2_1	8 9
Subgraph ID: 2_1	77 78
Subgraph ID: 2_1	75 76
Subgraph ID: 2_1	74 75
Subgraph ID: 2_1	73 74
Subgraph ID: 2_1	70 71
Subgraph ID: 2_1	7 8
Subgraph ID: 2_1	69 70
Subgraph ID: 2_1	62 63
Subgraph ID: 2_1	60 61
Subgraph ID: 2_1	6 7
Subgraph ID: 2_1	5 6
Subgraph ID: 2_1	48 49
Subgraph ID: 2_1	47 48
Subgraph ID: 2_1	44 45
Subgraph ID: 2_1	41 42
Subgraph ID: 2_1	39 40
Subgraph ID: 2_1	38 39
Subgraph ID: 2_1	33 34
Subgraph ID: 2_1	32 33
Subgraph ID: 2_1	30 31
Subgraph ID: 2_1	28 29
Subgraph ID: 2_1	26 27
Subgraph ID: 2_1	22 23
Subgraph ID: 2_1	20 21
Subgraph ID: 2_1	19 20
Subgraph ID: 2_1	17 18
Subgraph ID: 2_1	14 15
Subgraph ID: 2_1	11 12
