1011-4_2-0-AA-frgt 4 3 3
1012-4_2-0-AA-frgt 4 3 3
1013-4_2-0-AA-frgt 4 3 3
1014-4_2-0-AA-frgt 4 3 3
1016-4_2-0-AA-frgt 4 3 3
1023-4_2-1-AA-frgt 7 1 3
1024-4_2-0-AA-frgt 4 3 3
1025-4_2-7-AA-frgt 6 2 3
103-4_2-5-AA-frgt 8 2 3
1033-4_2-0-AA-frgt 4 3 3
1034-4_2-0-AA-frgt 4 3 3
1035-4_2-5-AA-frgt 7 2 3
1036-4_2-5-AA-frgt 7 2 3
1055-4_2-3-AA-frgt 6 2 3
1058-4_2-3-AA-frgt 7 2 3
1061-4_2-0-AA-frgt 4 2 3
1069-4_2-0-AA-frgt 4 2 3
1070-4_2-1-AA-frgt 5 3 1
1071-4_2-1-AA-frgt 5 3 1
1072-4_2-1-AA-frgt 5 3 1
1074-4_2-3-AA-frgt 7 1 3
1078-4_2-2-AA-frgt 7 1 3
1087-4_2-0-AA-frgt 4 3 3
1088-4_2-0-AA-frgt 4 3 3
1089-4_2-5-AA-frgt 6 3 3
1109-4_2-5-AA-frgt 7 2 3
1110-4_2-5-AA-frgt 7 2 3
1114-4_2-1-AA-frgt 5 3 3
1120-4_2-5-AA-frgt 7 2 3
1123-4_2-5-AA-frgt 7 2 3
1126-4_2-3-AA-frgt 6 1 1
1127-4_2-3-AA-frgt 6 1 1
1128-4_2-3-AA-frgt 6 1 1
1129-4_2-3-AA-frgt 6 1 1
1130-4_2-3-AA-frgt 6 1 1
1131-4_2-3-AA-frgt 6 1 1
1134-4_2-5-AA-frgt 7 2 1
1137-4_2-0-AA-frgt 
1138-4_2-3-AA-frgt 
1139-4_2-1-AA-frgt 
1140-4_2-1-AA-frgt 
1141-4_2-5-AA-frgt 7 2 1
1147-4_2-7-AA-frgt 6 2 3
1148-4_2-5-AA-frgt 8 2 1
1149-4_2-5-AA-frgt 8 2 1
115-4_2-0-AA-frgt 
1150-4_2-5-AA-frgt 8 2 1
1151-4_2-3-AA-frgt 8 2 1
1152-4_2-3-AA-frgt 8 2 1
1153-4_2-5-AA-frgt 8 2 1
1154-4_2-5-AA-frgt 8 2 1
1155-4_2-5-AA-frgt 8 2 1
1156-4_2-3-AA-frgt 7 2 3
1158-4_2-5-AA-frgt 8 2 1
1160-4_2-5-AA-frgt 8 2 1
1171-4_2-5-AA-frgt 7 2 3
1174-4_2-1-AA-frgt 5 1 3
1183-4_2-1-AA-frgt 
121-4_2-7-AA-frgt 6 2 3
122-4_2-7-AA-frgt 6 2 3
123-4_2-5-AA-frgt 6 2 3
1233-4_2-0-AA-frgt 
1243-4_2-7-AA-frgt 6 2 3
1244-4_2-7-AA-frgt 6 2 3
1245-4_2-7-AA-frgt 6 2 3
1259-4_2-5-AA-frgt 7 2 3
1260-4_2-5-AA-frgt 7 2 3
1288-4_2-5-AA-frgt 7 2 3
1292-4_2-5-AA-frgt 7 2 3
1293-4_2-5-AA-frgt 7 2 3
1297-4_2-5-AA-frgt 7 2 3
1301-4_2-5-AA-frgt 7 2 3
1305-4_2-5-AA-frgt 8 2 3
1307-4_2-0-AA-frgt 
1310-4_2-0-AA-frgt 4 3 1
1320-4_2-5-AA-frgt 7 2 3
1321-4_2-5-AA-frgt 8 2 3
1324-4_2-5-AA-frgt 6 3 3
1326-4_2-0-AA-frgt 4 1 3
1328-4_2-0-AA-frgt 4 3 3
1334-4_2-5-AA-frgt 8 2 3
1335-4_2-5-AA-frgt 8 2 3
1346-4_2-5-AA-frgt 8 2 3
1347-4_2-0-AA-frgt 4 1 3
1349-4_2-5-AA-frgt 8 2 3
135-4_2-5-AA-frgt 8 2 1
1356-4_2-5-AA-frgt 8 2 3
1361-4_2-1-AA-frgt 5 1 3
1370-4_2-2-AA-frgt 8 1 3
1372-4_2-0-AA-frgt 4 3 1
1374-4_2-2-AA-frgt 8 1 3
1376-4_2-0-AA-frgt 4 3 1
1378-4_2-5-AA-frgt 7 2 3
1379-4_2-0-AA-frgt 4 3 3
1381-4_2-5-AA-frgt 7 2 3
1382-4_2-0-AA-frgt 
1384-4_2-3-AA-frgt 7 2 3
1390-4_2-5-AA-frgt 8 2 3
1392-4_2-0-AA-frgt 4 3 1
1394-4_2-5-AA-frgt 8 2 3
1395-4_2-0-AA-frgt 4 3 3
1396-4_2-0-AA-frgt 5 3 1
1398-4_2-5-AA-frgt 6 2 3
1399-4_2-5-AA-frgt 6 2 3
1412-4_2-0-AA-frgt 6 1 3
1413-4_2-1-AA-frgt 
1417-4_2-8-AA-frgt 7 2 3
1420-4_2-8-AA-frgt 7 2 3
1421-4_2-0-AA-frgt 
1423-4_2-5-AA-frgt 6 3 3
1424-4_2-5-AA-frgt 6 1 1
1445-4_2-12-AA-frgt 4 1 1
1460-4_2-0-AA-frgt 4 3 3
1461-4_2-0-AA-frgt 4 3 3
1462-4_2-0-AA-frgt 4 3 3
1463-4_2-5-AA-frgt 7 2 3
1464-4_2-5-AA-frgt 7 2 3
1465-4_2-5-AA-frgt 7 2 3
1466-4_2-5-AA-frgt 7 2 3
1472-4_2-5-AA-frgt 7 2 1
1473-4_2-14-AA-frgt 5 1 1
1474-4_2-5-AA-frgt 7 2 3
1475-4_2-5-AA-frgt 7 2 3
1476-4_2-5-AA-frgt 7 2 3
1477-4_2-5-AA-frgt 7 2 3
1478-4_2-5-AA-frgt 7 2 3
1479-4_2-5-AA-frgt 7 2 3
1480-4_2-5-AA-frgt 7 2 3
1481-4_2-5-AA-frgt 7 2 3
1482-4_2-3-AA-frgt 7 2 1
1507-4_2-5-AA-frgt 7 2 1
1508-4_2-5-AA-frgt 7 2 1
1519-4_2-0-AA-frgt 4 1 1
152-4_2-5-AA-frgt 7 2 3
1531-4_2-2-AA-frgt 
1537-4_2-0-AA-frgt 4 1 1
154-4_2-3-AA-frgt 5 2 3
1563-4_2-17-AA-frgt 6 1 3
1564-4_2-5-AA-frgt 7 2 3
1566-4_2-5-AA-frgt 7 2 3
1570-4_2-5-AA-frgt 7 2 3
1583-4_2-1-AA-frgt 
1589-4_2-5-AA-frgt 7 2 3
1591-4_2-5-AA-frgt 7 2 3
1595-4_2-0-AA-frgt 5 1 1
1596-4_2-3-AA-frgt 6 1 1
1597-4_2-3-AA-frgt 6 1 1
1598-4_2-3-AA-frgt 6 1 1
1599-4_2-3-AA-frgt 6 1 1
1600-4_2-3-AA-frgt 6 1 1
1603-4_2-5-AA-frgt 7 2 1
1606-4_2-5-AA-frgt 7 2 3
1610-4_2-3-AA-frgt 7 2 3
162-4_2-5-AA-frgt 7 2 3
1622-4_2-0-AA-frgt 6 1 3
1633-4_2-17-AA-frgt 6 2 3
1634-4_2-2-AA-frgt 5 1 1
1636-4_2-3-AA-frgt 6 1 1
1637-4_2-3-AA-frgt 6 1 1
1640-4_2-0-AA-frgt 4 3 3
165-4_2-3-AA-frgt 7 2 3
1651-4_2-0-AA-frgt 4 3 3
167-4_2-3-AA-frgt 7 2 3
1672-4_2-0-AA-frgt 4 3 3
1673-4_2-0-AA-frgt 4 3 3
1674-4_2-0-AA-frgt 4 3 3
1675-4_2-0-AA-frgt 4 3 3
1676-4_2-0-AA-frgt 4 3 3
1694-4_2-0-AA-frgt 4 3 1
1698-4_2-0-AA-frgt 4 3 1
1699-4_2-0-AA-frgt 
1700-4_2-0-AA-frgt 
1701-4_2-0-AA-frgt 
1703-4_2-0-AA-frgt 
1710-4_2-0-AA-frgt 4 3 1
1711-4_2-0-AA-frgt 4 3 3
1712-4_2-0-AA-frgt 4 3 1
1713-4_2-0-AA-frgt 4 3 3
1724-4_2-3-AA-frgt 6 1 1
1725-4_2-3-AA-frgt 6 1 1
1761-4_2-5-AA-frgt 6 3 3
1764-4_2-5-AA-frgt 6 3 3
1772-4_2-5-AA-frgt 6 3 3
1776-4_2-0-AA-frgt 4 3 3
1787-4_2-5-AA-frgt 7 2 3
1788-4_2-5-AA-frgt 7 2 3
1839-4_2-5-AA-frgt 7 3 3
1848-4_2-3-AA-frgt 5 3 3
1853-4_2-1-AA-frgt 
1855-4_2-5-AA-frgt 7 2 3
1859-4_2-5-AA-frgt 8 2 1
1860-4_2-5-AA-frgt 8 2 1
1863-4_2-5-AA-frgt 8 2 1
1864-4_2-5-AA-frgt 8 2 1
1869-4_2-5-AA-frgt 7 2 3
1874-4_2-1-AA-frgt 5 3 3
1875-4_2-1-AA-frgt 5 3 3
1876-4_2-0-AA-frgt 4 3 3
1877-4_2-0-AA-frgt 4 3 3
1895-4_2-7-AA-frgt 7 2 3
1905-4_2-5-AA-frgt 6 2 3
1907-4_2-5-AA-frgt 6 2 3
1908-4_2-5-AA-frgt 7 2 3
1909-4_2-5-AA-frgt 7 2 3
1910-4_2-5-AA-frgt 7 2 3
1911-4_2-5-AA-frgt 7 2 3
1912-4_2-5-AA-frgt 7 2 1
1913-4_2-5-AA-frgt 7 2 1
1914-4_2-5-AA-frgt 7 2 1
1915-4_2-5-AA-frgt 7 2 1
1916-4_2-5-AA-frgt 7 2 1
1917-4_2-5-AA-frgt 7 2 1
1918-4_2-5-AA-frgt 7 2 1
1919-4_2-5-AA-frgt 7 2 1
1920-4_2-5-AA-frgt 7 2 1
1921-4_2-5-AA-frgt 7 2 1
1922-4_2-0-AA-frgt 4 1 3
1923-4_2-0-AA-frgt 4 1 3
1924-4_2-0-AA-frgt 4 1 3
1925-4_2-0-AA-frgt 4 1 3
1925-4_2-0-AA-frgt 4 1 3
1926-4_2-0-AA-frgt 4 1 3
1942-4_2-1-AA-frgt 5 2 3
1943-4_2-0-AA-frgt 5 2 3
1967-4_2-7-AA-frgt 7 2 3
1972-4_2-0-AA-frgt 4 3 3
1980-4_2-5-AA-frgt 7 2 1
1982-4_2-5-AA-frgt 7 2 1
1989-4_2-0-AA-frgt 4 2 3
2002-4_2-5-AA-frgt 7 2 1
2003-4_2-5-AA-frgt 7 2 1
2016-4_2-1-AA-frgt 5 3 3
2017-4_2-1-AA-frgt 5 3 3
2025-4_2-5-AA-frgt 7 2 1
2026-4_2-5-AA-frgt 7 2 1
2027-4_2-5-AA-frgt 7 2 1
2033-4_2-7-AA-frgt 6 2 3
2034-4_2-7-AA-frgt 6 2 3
2048-4_2-1-AA-frgt 5 3 3
2057-4_2-7-AA-frgt 7 2 3
2058-4_2-7-AA-frgt 7 2 3
2063-4_2-7-AA-frgt 7 2 3
2066-4_2-5-AA-frgt 7 2 1
2069-4_2-5-AA-frgt 7 2 1
2083-4_2-1-AA-frgt 5 3 3
2084-4_2-1-AA-frgt 5 3 3
2092-4_2-17-AA-frgt 6 1 3
2093-4_2-5-AA-frgt 7 2 1
2099-4_2-5-AA-frgt 7 2 1
2102-4_2-5-AA-frgt 6 3 3
2105-4_2-12-AA-frgt 4 1 1
2106-4_2-12-AA-frgt 4 1 1
2112-4_2-1-AA-frgt 6 2 1
2128-4_2-5-AA-frgt 7 2 1
2129-4_2-5-AA-frgt 7 2 1
2135-4_2-5-AA-frgt 7 2 1
2138-4_2-5-AA-frgt 7 2 1
2139-4_2-5-AA-frgt 7 2 1
2144-4_2-5-AA-frgt 7 2 1
2166-4_2-1-AA-frgt 5 3 1
2192-4_2-8-AA-frgt 4 1 1
2193-4_2-12-AA-frgt 4 1 1
2196-4_2-1-AA-frgt 5 3 3
2197-4_2-1-AA-frgt 5 3 3
2207-4_2-8-AA-frgt 4 1 1
2208-4_2-8-AA-frgt 4 1 1
2220-4_2-1-AA-frgt 6 1 1
2221-4_2-1-AA-frgt 6 1 1
2222-4_2-1-AA-frgt 6 1 1
2223-4_2-1-AA-frgt 6 1 1
2224-4_2-1-AA-frgt 6 1 1
2228-4_2-5-AA-frgt 7 2 1
2236-4_2-1-AA-frgt 6 2 1
2270-4_2-0-AA-frgt 4 3 3
2278-4_2-1-AA-frgt 6 2 1
2290-4_2-3-AA-frgt 7 2 3
2294-4_2-1-AA-frgt 5 3 3
2325-4_2-2-AA-frgt 6 2 1
2326-4_2-2-AA-frgt 6 2 1
295-4_2-0-AA-frgt 4 3 3
296-4_2-0-AA-frgt 4 3 3
297-4_2-0-AA-frgt 4 3 3
298-4_2-0-AA-frgt 4 3 3
299-4_2-0-AA-frgt 4 3 3
300-4_2-0-AA-frgt 4 3 3
309-4_2-5-AA-frgt 7 2 1
310-4_2-7-AA-frgt 6 2 3
312-4_2-0-AA-frgt 4 3 2
315-4_2-1-AA-frgt 4 3 3
319-4_2-3-AA-frgt 7 2 1
321-4_2-5-AA-frgt 7 2 3
333-4_2-8-AA-frgt 7 2 3
337-4_2-8-AA-frgt 7 2 3
338-4_2-5-AA-frgt 6 2 3
341-4_2-5-AA-frgt 6 2 3
349-4_2-5-AA-frgt 8 2 3
353-4_2-5-AA-frgt 7 2 3
356-4_2-5-AA-frgt 7 2 3
360-4_2-8-AA-frgt 7 2 3
372-4_2-0-AA-frgt 4 1 1
380-4_2-5-AA-frgt 7 3 3
394-4_2-8-AA-frgt 7 2 3
396-4_2-8-AA-frgt 7 2 3
398-4_2-8-AA-frgt 7 2 3
400-4_2-8-AA-frgt 7 2 3
403-4_2-0-AA-frgt 4 3 3
433-4_2-5-AA-frgt 6 3 3
436-4_2-5-AA-frgt 7 2 3
437-4_2-0-AA-frgt 4 3 2
44-4_2-0-AA-frgt 4 1 1
440-4_2-5-AA-frgt 6 2 3
442-4_2-0-AA-frgt 4 3 2
446-4_2-0-AA-frgt 4 1 1
447-4_2-0-AA-frgt 4 1 1
458-4_2-0-AA-frgt 4 3 1
46-4_2-5-AA-frgt 7 2 3
460-4_2-0-AA-frgt 4 3 3
461-4_2-0-AA-frgt 4 3 1
462-4_2-0-AA-frgt 4 3 1
463-4_2-0-AA-frgt 5 3 1
464-4_2-0-AA-frgt 4 3 3
465-4_2-0-AA-frgt 4 3 3
466-4_2-0-AA-frgt 4 3 3
467-4_2-0-AA-frgt 4 3 3
47-4_2-0-AA-frgt 4 1 1
471-4_2-0-AA-frgt 4 3 1
485-4_2-2-AA-frgt 5 1 3
486-4_2-2-AA-frgt 5 1 3
49-4_2-5-AA-frgt 7 2 3
490-4_2-5-AA-frgt 7 2 3
491-4_2-5-AA-frgt 7 2 3
494-4_2-3-AA-frgt 7 2 3
495-4_2-3-AA-frgt 7 2 3
498-4_2-3-AA-frgt 7 2 3
505-4_2-3-AA-frgt 7 2 3
509-4_2-5-AA-frgt 7 2 3
51-4_2-5-AA-frgt 6 3 1
513-4_2-5-AA-frgt 7 2 3
514-4_2-3-AA-frgt 7 2 3
515-4_2-3-AA-frgt 7 2 3
525-4_2-0-AA-frgt 4 1 2
528-4_2-5-AA-frgt 7 2 3
529-4_2-3-AA-frgt 7 2 3
530-4_2-3-AA-frgt 7 2 3
534-4_2-3-AA-frgt 7 2 3
535-4_2-0-AA-frgt 4 1 2
538-4_2-5-AA-frgt 7 2 3
54-4_2-5-AA-frgt 7 2 3
540-4_2-5-AA-frgt 7 2 3
542-4_2-3-AA-frgt 7 2 1
543-4_2-5-AA-frgt 7 2 1
544-4_2-5-AA-frgt 7 2 1
545-4_2-5-AA-frgt 7 2 1
547-4_2-8-AA-frgt 7 2 3
549-4_2-8-AA-frgt 7 2 3
55-4_2-3-AA-frgt 7 2 3
553-4_2-5-AA-frgt 7 2 3
554-4_2-0-AA-frgt 4 2 2
557-4_2-0-AA-frgt 4 1 2
56-4_2-3-AA-frgt 7 2 3
560-4_2-5-AA-frgt 7 2 3
57-4_2-3-AA-frgt 7 2 3
579-4_2-0-AA-frgt 5 3 1
58-4_2-5-AA-frgt 7 2 3
580-4_2-0-AA-frgt 5 3 1
581-4_2-0-AA-frgt 5 3 1
59-4_2-5-AA-frgt 7 2 3
592-4_2-0-AA-frgt 4 3 3
593-4_2-0-AA-frgt 4 3 3
60-4_2-5-AA-frgt 7 2 3
604-4_2-5-AA-frgt 7 2 3
605-4_2-1-AA-frgt 5 3 1
606-4_2-1-AA-frgt 5 3 1
61-4_2-5-AA-frgt 7 2 3
62-4_2-7-AA-frgt 6 2 3
623-4_2-0-AA-frgt 4 3 3
624-4_2-0-AA-frgt 4 3 3
625-4_2-0-AA-frgt 4 3 3
626-4_2-0-AA-frgt 4 3 3
630-4_2-3-AA-frgt 7 2 3
631-4_2-5-AA-frgt 7 2 3
632-4_2-1-AA-frgt 5 3 1
637-4_2-0-AA-frgt 4 3 3
64-4_2-7-AA-frgt 6 2 3
645-4_2-3-AA-frgt 7 2 3
647-4_2-3-AA-frgt 7 2 3
649-4_2-5-AA-frgt 7 2 3
651-4_2-5-AA-frgt 7 2 3
655-4_2-3-AA-frgt 7 1 3
656-4_2-3-AA-frgt 7 2 3
66-4_2-5-AA-frgt 7 2 3
663-4_2-9-AA-frgt 6 2 2
665-4_2-2-AA-frgt 5 2 2
666-4_2-2-AA-frgt 5 2 2
667-4_2-2-AA-frgt 5 2 2
668-4_2-2-AA-frgt 5 2 2
669-4_2-2-AA-frgt 5 2 2
670-4_2-2-AA-frgt 5 2 2
671-4_2-2-AA-frgt 5 2 2
672-4_2-2-AA-frgt 5 2 2
673-4_2-2-AA-frgt 5 2 2
674-4_2-2-AA-frgt 6 2 2
675-4_2-2-AA-frgt 5 2 2
676-4_2-2-AA-frgt 5 2 2
677-4_2-2-AA-frgt 5 2 2
678-4_2-2-AA-frgt 5 2 2
679-4_2-2-AA-frgt 5 2 2
68-4_2-5-AA-frgt 7 2 3
680-4_2-2-AA-frgt 5 2 2
681-4_2-2-AA-frgt 5 2 2
682-4_2-2-AA-frgt 5 2 2
683-4_2-5-AA-frgt 7 2 1
693-4_2-5-AA-frgt 7 2 3
70-4_2-5-AA-frgt 7 2 3
703-4_2-3-AA-frgt 6 2 3
704-4_2-3-AA-frgt 6 2 3
705-4_2-3-AA-frgt 8 2 3
706-4_2-3-AA-frgt 8 2 3
707-4_2-3-AA-frgt 8 2 3
708-4_2-3-AA-frgt 8 2 3
709-4_2-5-AA-frgt 8 2 3
710-4_2-5-AA-frgt 8 2 3
711-4_2-5-AA-frgt 6 2 3
712-4_2-5-AA-frgt 7 2 3
713-4_2-5-AA-frgt 7 2 3
714-4_2-3-AA-frgt 6 2 3
715-4_2-5-AA-frgt 6 2 3
716-4_2-5-AA-frgt 7 2 3
717-4_2-5-AA-frgt 7 2 3
718-4_2-5-AA-frgt 6 3 2
72-4_2-5-AA-frgt 7 2 3
720-4_2-5-AA-frgt 7 2 3
722-4_2-5-AA-frgt 7 2 3
732-4_2-0-AA-frgt 5 1 1
733-4_2-11-AA-frgt 8 3 3
734-4_2-5-AA-frgt 7 2 1
735-4_2-5-AA-frgt 8 2 1
736-4_2-3-AA-frgt 7 2 1
738-4_2-5-AA-frgt 7 2 1
739-4_2-7-AA-frgt 6 2 3
74-4_2-5-AA-frgt 7 2 3
741-4_2-7-AA-frgt 6 2 3
743-4_2-1-AA-frgt 5 1 3
754-4_2-0-AA-frgt 4 3 3
76-4_2-5-AA-frgt 7 2 3
760-4_2-2-AA-frgt 7 1 2
761-4_2-5-AA-frgt 5 2 3
762-4_2-5-AA-frgt 8 1 3
763-4_2-5-AA-frgt 6 3 3
765-4_2-1-AA-frgt 5 1 3
769-4_2-5-AA-frgt 7 2 3
770-4_2-0-AA-frgt 4 3 2
772-4_2-0-AA-frgt 4 3 1
773-4_2-5-AA-frgt 7 2 3
776-4_2-0-AA-frgt 4 3 3
777-4_2-5-AA-frgt 7 2 3
778-4_2-0-AA-frgt 4 3 3
78-4_2-5-AA-frgt 7 2 3
780-4_2-1-AA-frgt 4 3 1
785-4_2-5-AA-frgt 7 2 3
786-4_2-0-AA-frgt 4 1 3
788-4_2-5-AA-frgt 7 2 3
791-4_2-5-AA-frgt 8 2 3
794-4_2-5-AA-frgt 8 2 3
797-4_2-0-AA-frgt 4 3 1
798-4_2-0-AA-frgt 4 3 1
80-4_2-5-AA-frgt 7 2 3
801-4_2-5-AA-frgt 7 2 2
803-4_2-3-AA-frgt 6 1 1
804-4_2-3-AA-frgt 6 1 1
808-4_2-3-AA-frgt 7 2 3
810-4_2-5-AA-frgt 7 2 3
814-4_2-0-AA-frgt 4 1 1
815-4_2-0-AA-frgt 4 1 3
816-4_2-0-AA-frgt 4 1 3
821-4_2-5-AA-frgt 7 2 3
824-4_2-5-AA-frgt 7 2 3
826-4_2-5-AA-frgt 7 2 3
829-4_2-5-AA-frgt 7 2 3
832-4_2-5-AA-frgt 7 2 3
834-4_2-0-AA-frgt 4 1 1
835-4_2-5-AA-frgt 7 2 3
838-4_2-5-AA-frgt 7 2 3
841-4_2-5-AA-frgt 7 2 2
844-4_2-5-AA-frgt 7 2 3
847-4_2-5-AA-frgt 8 2 3
850-4_2-5-AA-frgt 7 2 3
851-4_2-5-AA-frgt 7 2 3
852-4_2-5-AA-frgt 8 2 3
857-4_2-2-AA-frgt 6 1 3
862-4_2-0-AA-frgt 4 3 1
873-4_2-5-AA-frgt 6 2 1
875-4_2-3-AA-frgt 7 2 2
876-4_2-1-AA-frgt 7 1 3
877-4_2-5-AA-frgt 7 2 3
878-4_2-1-AA-frgt 5 1 3
879-4_2-5-AA-frgt 6 3 3
887-4_2-5-AA-frgt 7 2 3
891-4_2-5-AA-frgt 7 2 3
893-4_2-11-AA-frgt 7 2 3
894-4_2-5-AA-frgt 7 2 3
899-4_2-5-AA-frgt 8 2 3
902-4_2-5-AA-frgt 7 2 3
906-4_2-0-AA-frgt 4 2 3
907-4_2-5-AA-frgt 9 2 3
920-4_2-5-AA-frgt 7 2 3
930-4_2-5-AA-frgt 8 2 3
931-4_2-5-AA-frgt 8 2 3
932-4_2-5-AA-frgt 6 2 3
933-4_2-3-AA-frgt 
935-4_2-10-AA-frgt 5 1 3
936-4_2-4-AA-frgt 6 3 3
937-4_2-5-AA-frgt 7 2 1
938-4_2-5-AA-frgt 8 2 1
939-4_2-0-AA-frgt 4 3 3
940-4_2-0-AA-frgt 4 3 3
943-4_2-5-AA-frgt 8 2 1
952-4_2-5-AA-frgt 7 2 3
953-4_2-5-AA-frgt 7 2 3
956-4_2-5-AA-frgt 7 2 3
963-4_2-5-AA-frgt 7 2 3
964-4_2-5-AA-frgt 8 2 1
965-4_2-5-AA-frgt 7 2 3
966-4_2-5-AA-frgt 7 2 3
969-4_2-5-AA-frgt 7 2 3
972-4_2-5-AA-frgt 7 2 3
974-4_2-3-AA-frgt 7 2 3
976-4_2-5-AA-frgt 6 2 3
977-4_2-5-AA-frgt 7 2 3
981-4_2-3-AA-frgt 6 3 3
983-4_2-5-AA-frgt 7 2 3
99-4_2-5-AA-frgt 8 2 3
