10-5_3-0-AA-frgt 5 1 3
1000-5_3-1-AA-frgt 6 0 6
1001-5_3-1-AA-frgt 6 0 6
1002-5_3-3-AA-frgt 7 1 3
1003-5_3-3-AA-frgt 7 1 3
1004-5_3-3-AA-frgt 7 1 3
1017-5_3-1-AA-frgt 
1018-5_3-1-AA-frgt 
1019-5_3-1-AA-frgt 
102-5_3-0-AA-frgt 5 1 3
1020-5_3-1-AA-frgt 
1031-5_3-0-AA-frgt 5 1 3
1032-5_3-0-AA-frgt 5 1 3
1037-5_3-0-AA-frgt 5 1 3
1038-5_3-0-AA-frgt 6 1 3
1039-5_3-0-AA-frgt 5 1 3
1040-5_3-0-AA-frgt 5 1 3
1041-5_3-0-AA-frgt 5 1 3
1042-5_3-0-AA-frgt 6 1 3
1056-5_3-0-AA-frgt 5 1 3
1057-5_3-0-AA-frgt 5 1 3
1059-5_3-0-AA-frgt 5 1 3
106-5_3-0-AA-frgt 5 1 3
1060-5_3-0-AA-frgt 5 1 3
1062-5_3-0-AA-frgt 5 1 3
1063-5_3-0-AA-frgt 5 1 3
1064-5_3-0-AA-frgt 5 1 3
1065-5_3-0-AA-frgt 5 1 3
1066-5_3-0-AA-frgt 5 1 3
1067-5_3-0-AA-frgt 5 1 3
1068-5_3-0-AA-frgt 5 1 3
107-5_3-0-AA-frgt 5 1 3
1075-5_3-0-AA-frgt 5 1 3
1076-5_3-0-AA-frgt 5 1 3
1077-5_3-0-AA-frgt 5 1 3
1079-5_3-0-AA-frgt 5 1 3
108-5_3-0-AA-frgt 5 1 3
1080-5_3-0-AA-frgt 5 1 3
1081-5_3-0-AA-frgt 5 1 3
109-5_3-0-AA-frgt 5 1 3
1096-5_3-0-AA-frgt 6 0 2
11-5_3-0-AA-frgt 5 1 3
1101-5_3-0-AA-frgt 6 0 2
1102-5_3-0-AA-frgt 8 0 0
1104-5_3-0-AA-frgt 6 0 2
111-5_3-0-AA-frgt 5 1 3
1117-5_3-0-AA-frgt 6 1 3
1118-5_3-0-AA-frgt 5 1 3
1121-5_3-0-AA-frgt 5 1 3
1122-5_3-0-AA-frgt 5 1 3
1124-5_3-0-AA-frgt 5 1 3
1125-5_3-0-AA-frgt 5 1 3
1135-5_3-0-AA-frgt 5 1 3
1136-5_3-0-AA-frgt 5 1 3
1172-5_3-0-AA-frgt 5 1 3
1197-5_3-0-AA-frgt 5 1 3
1198-5_3-0-AA-frgt 5 1 3
12-5_3-1-AA-frgt 
1200-5_3-0-AA-frgt 5 1 3
1202-5_3-0-AA-frgt 5 1 3
1203-5_3-0-AA-frgt 5 1 3
1214-5_3-0-AA-frgt 5 1 2
1215-5_3-0-AA-frgt 5 1 3
1216-5_3-0-AA-frgt 5 1 3
1231-5_3-0-AA-frgt 5 1 3
1232-5_3-0-AA-frgt 5 1 3
1235-5_3-0-AA-frgt 5 1 3
1236-5_3-0-AA-frgt 5 1 3
1237-5_3-0-AA-frgt 5 1 3
1238-5_3-0-AA-frgt 5 1 3
1239-5_3-0-AA-frgt 5 1 2
1240-5_3-0-AA-frgt 5 1 4
1241-5_3-0-AA-frgt 5 1 3
1242-5_3-0-AA-frgt 5 1 3
1265-5_3-3-AA-frgt 7 1 3
1289-5_3-0-AA-frgt 5 1 3
1291-5_3-0-AA-frgt 5 1 3
1296-5_3-0-AA-frgt 5 1 3
1298-5_3-0-AA-frgt 5 1 3
13-5_3-1-AA-frgt 
1300-5_3-0-AA-frgt 5 1 3
1302-5_3-0-AA-frgt 5 1 3
1304-5_3-0-AA-frgt 5 1 3
1306-5_3-0-AA-frgt 5 1 3
1308-5_3-0-AA-frgt 5 1 3
1312-5_3-0-AA-frgt 5 1 3
1314-5_3-0-AA-frgt 5 1 3
1316-5_3-0-AA-frgt 5 1 3
1319-5_3-0-AA-frgt 5 1 3
1322-5_3-0-AA-frgt 5 1 3
1325-5_3-0-AA-frgt 6 1 3
1327-5_3-0-AA-frgt 6 1 3
1348-5_3-0-AA-frgt 5 1 3
1351-5_3-0-AA-frgt 5 1 3
1355-5_3-0-AA-frgt 6 1 3
1357-5_3-0-AA-frgt 6 1 3
1373-5_3-0-AA-frgt 5 1 3
1377-5_3-0-AA-frgt 6 1 3
1380-5_3-0-AA-frgt 5 1 3
1383-5_3-0-AA-frgt 5 1 3
1386-5_3-0-AA-frgt 5 1 3
1389-5_3-0-AA-frgt 5 1 3
1393-5_3-0-AA-frgt 5 1 3
1397-5_3-0-AA-frgt 5 1 3
1401-5_3-0-AA-frgt 5 1 3
1402-5_3-0-AA-frgt 5 1 3
1404-5_3-0-AA-frgt 6 1 3
1405-5_3-0-AA-frgt 5 1 3
1425-5_3-0-AA-frgt 5 1 3
1426-5_3-0-AA-frgt 5 1 3
1437-5_3-0-AA-frgt 5 1 3
1442-5_3-0-AA-frgt 5 1 3
1443-5_3-0-AA-frgt 5 1 3
1467-5_3-0-AA-frgt 5 1 2
1468-5_3-0-AA-frgt 5 1 3
149-5_3-0-AA-frgt 5 1 3
15-5_3-0-AA-frgt 5 1 3
150-5_3-0-AA-frgt 5 1 3
1504-5_3-0-AA-frgt 5 1 3
1505-5_3-0-AA-frgt 5 1 3
1509-5_3-0-AA-frgt 5 1 3
153-5_3-0-AA-frgt 5 1 1
1538-5_3-0-AA-frgt 5 1 3
1540-5_3-0-AA-frgt 6 1 3
1541-5_3-0-AA-frgt 5 1 2
155-5_3-0-AA-frgt 6 1 3
1558-5_3-0-AA-frgt 5 1 3
1568-5_3-0-AA-frgt 5 1 3
1569-5_3-0-AA-frgt 5 1 3
1572-5_3-0-AA-frgt 5 1 3
1573-5_3-0-AA-frgt 6 1 3
1582-5_3-0-AA-frgt 5 1 3
1604-5_3-0-AA-frgt 5 1 3
1605-5_3-0-AA-frgt 5 1 3
1607-5_3-0-AA-frgt 5 1 3
1608-5_3-0-AA-frgt 5 1 3
161-5_3-0-AA-frgt 5 1 3
1611-5_3-0-AA-frgt 5 1 3
1619-5_3-0-AA-frgt 5 1 3
1620-5_3-0-AA-frgt 5 1 3
1621-5_3-0-AA-frgt 5 1 3
1623-5_3-0-AA-frgt 5 1 3
1624-5_3-0-AA-frgt 5 1 3
1625-5_3-0-AA-frgt 5 1 3
163-5_3-0-AA-frgt 5 1 3
1635-5_3-3-AA-frgt 7 1 3
164-5_3-0-AA-frgt 5 1 3
1649-5_3-0-AA-frgt 5 1 3
1650-5_3-0-AA-frgt 5 1 3
166-5_3-0-AA-frgt 5 1 3
168-5_3-0-AA-frgt 5 1 3
1681-5_3-0-AA-frgt 5 1 3
1682-5_3-0-AA-frgt 5 1 3
1684-5_3-0-AA-frgt 5 1 3
1685-5_3-0-AA-frgt 5 1 3
1686-5_3-0-AA-frgt 5 1 1
1687-5_3-0-AA-frgt 5 1 3
17-5_3-0-AA-frgt 5 1 3
1702-5_3-0-AA-frgt 5 1 3
1704-5_3-0-AA-frgt 5 1 3
1705-5_3-0-AA-frgt 5 1 3
1714-5_3-0-AA-frgt 5 1 3
1715-5_3-0-AA-frgt 5 1 3
1716-5_3-0-AA-frgt 5 1 3
1717-5_3-0-AA-frgt 5 1 3
1718-5_3-0-AA-frgt 5 1 3
1719-5_3-0-AA-frgt 5 1 3
1720-5_3-0-AA-frgt 6 1 3
1721-5_3-0-AA-frgt 5 1 3
1722-5_3-1-AA-frgt 5 1 3
1723-5_3-0-AA-frgt 6 1 3
1740-5_3-0-AA-frgt 5 1 3
1741-5_3-0-AA-frgt 5 1 3
1744-5_3-0-AA-frgt 5 1 3
1745-5_3-0-AA-frgt 5 1 3
1762-5_3-0-AA-frgt 5 1 3
1765-5_3-0-AA-frgt 5 1 3
1773-5_3-0-AA-frgt 5 1 3
1785-5_3-0-AA-frgt 5 1 3
1786-5_3-0-AA-frgt 5 1 3
1793-5_3-0-AA-frgt 6 1 3
1809-5_3-0-AA-frgt 5 1 3
1810-5_3-0-AA-frgt 5 1 3
1811-5_3-0-AA-frgt 5 1 3
1813-5_3-0-AA-frgt 5 1 3
1852-5_3-0-AA-frgt 5 1 3
1867-5_3-0-AA-frgt 5 1 3
1906-5_3-0-AA-frgt 5 1 3
1949-5_3-0-AA-frgt 5 1 3
1951-5_3-0-AA-frgt 5 1 3
1952-5_3-0-AA-frgt 5 1 3
1953-5_3-0-AA-frgt 5 1 3
1954-5_3-0-AA-frgt 5 1 3
1955-5_3-0-AA-frgt 5 1 3
1956-5_3-0-AA-frgt 5 1 3
1965-5_3-0-AA-frgt 5 1 3
1966-5_3-0-AA-frgt 5 1 3
1985-5_3-8-AA-frgt 10 0 6
2005-5_3-0-AA-frgt 5 1 3
2006-5_3-0-AA-frgt 5 1 3
2007-5_3-0-AA-frgt 5 1 3
2008-5_3-0-AA-frgt 5 1 3
2009-5_3-0-AA-frgt 5 1 3
2010-5_3-0-AA-frgt 5 1 3
2012-5_3-0-AA-frgt 5 1 3
2035-5_3-0-AA-frgt 5 1 3
2036-5_3-0-AA-frgt 5 1 3
2049-5_3-0-AA-frgt 5 1 3
2050-5_3-0-AA-frgt 5 1 3
2051-5_3-0-AA-frgt 5 1 3
2052-5_3-0-AA-frgt 5 1 3
2054-5_3-0-AA-frgt 5 1 3
2055-5_3-0-AA-frgt 5 1 3
2070-5_3-0-AA-frgt 5 1 3
2071-5_3-0-AA-frgt 5 1 3
2072-5_3-0-AA-frgt 5 1 3
2073-5_3-0-AA-frgt 5 1 3
2086-5_3-0-AA-frgt 5 1 3
2089-5_3-0-AA-frgt 5 1 3
2090-5_3-0-AA-frgt 5 1 3
2146-5_3-0-AA-frgt 5 1 3
2147-5_3-0-AA-frgt 5 1 3
2148-5_3-0-AA-frgt 5 1 3
2149-5_3-0-AA-frgt 5 1 3
2150-5_3-0-AA-frgt 5 1 3
2151-5_3-0-AA-frgt 5 1 3
2152-5_3-0-AA-frgt 5 1 3
2153-5_3-0-AA-frgt 5 1 3
2154-5_3-0-AA-frgt 5 1 3
2167-5_3-0-AA-frgt 5 1 3
2168-5_3-0-AA-frgt 5 1 3
2169-5_3-0-AA-frgt 5 1 3
2174-5_3-0-AA-frgt 5 1 3
2198-5_3-0-AA-frgt 5 1 3
2199-5_3-0-AA-frgt 5 1 3
2200-5_3-0-AA-frgt 5 1 3
2202-5_3-0-AA-frgt 5 1 3
2203-5_3-0-AA-frgt 5 1 3
2204-5_3-0-AA-frgt 5 1 3
2205-5_3-0-AA-frgt 5 1 3
2206-5_3-0-AA-frgt 5 1 3
2209-5_3-0-AA-frgt 5 1 3
2210-5_3-0-AA-frgt 5 1 3
2211-5_3-0-AA-frgt 5 1 3
2212-5_3-0-AA-frgt 5 1 3
2226-5_3-0-AA-frgt 5 1 3
2227-5_3-0-AA-frgt 5 1 3
2230-5_3-0-AA-frgt 5 1 3
2231-5_3-0-AA-frgt 5 1 3
2232-5_3-0-AA-frgt 5 1 3
2233-5_3-0-AA-frgt 5 1 3
2234-5_3-0-AA-frgt 5 1 3
2237-5_3-0-AA-frgt 5 1 3
2238-5_3-0-AA-frgt 5 1 3
2247-5_3-0-AA-frgt 5 1 3
2248-5_3-0-AA-frgt 5 1 3
2249-5_3-0-AA-frgt 5 1 3
2250-5_3-0-AA-frgt 5 1 2
2259-5_3-0-AA-frgt 5 1 3
2260-5_3-0-AA-frgt 5 1 3
2262-5_3-0-AA-frgt 5 1 3
2263-5_3-0-AA-frgt 5 1 3
2304-5_3-0-AA-frgt 5 1 3
2308-5_3-0-AA-frgt 6 1 3
2310-5_3-0-AA-frgt 6 1 3
290-5_3-2-AA-frgt 5 1 2
291-5_3-2-AA-frgt 5 1 2
292-5_3-1-AA-frgt 5 1 2
293-5_3-1-AA-frgt 5 1 2
313-5_3-0-AA-frgt 5 1 3
316-5_3-0-AA-frgt 5 1 3
320-5_3-0-AA-frgt 5 1 3
322-5_3-0-AA-frgt 5 1 3
331-5_3-0-AA-frgt 5 1 3
334-5_3-0-AA-frgt 5 1 3
340-5_3-0-AA-frgt 5 1 3
343-5_3-0-AA-frgt 5 1 3
350-5_3-0-AA-frgt 7 1 3
354-5_3-0-AA-frgt 5 1 3
355-5_3-0-AA-frgt 6 1 3
358-5_3-0-AA-frgt 5 1 3
361-5_3-3-AA-frgt 7 1 3
370-5_3-0-AA-frgt 5 1 3
374-5_3-0-AA-frgt 5 1 3
375-5_3-0-AA-frgt 5 1 3
376-5_3-3-AA-frgt 7 1 3
383-5_3-0-AA-frgt 5 1 3
404-5_3-0-AA-frgt 5 1 3
405-5_3-0-AA-frgt 5 1 3
406-5_3-0-AA-frgt 5 1 3
434-5_3-0-AA-frgt 5 1 1
439-5_3-1-AA-frgt 5 1 3
444-5_3-1-AA-frgt 5 1 3
445-5_3-0-AA-frgt 5 1 3
448-5_3-0-AA-frgt 5 1 3
449-5_3-0-AA-frgt 5 1 3
45-5_3-0-AA-frgt 5 1 3
451-5_3-11-AA-frgt 7 1 2
459-5_3-0-AA-frgt 6 1 3
468-5_3-0-AA-frgt 6 1 3
469-5_3-0-AA-frgt 5 1 3
470-5_3-0-AA-frgt 6 1 3
472-5_3-0-AA-frgt 5 0 1
473-5_3-0-AA-frgt 6 1 2
474-5_3-0-AA-frgt 6 1 2
475-5_3-0-AA-frgt 6 1 2
476-5_3-0-AA-frgt 6 1 2
477-5_3-0-AA-frgt 6 1 2
48-5_3-0-AA-frgt 5 1 3
483-5_3-3-AA-frgt 7 1 3
484-5_3-3-AA-frgt 7 1 3
489-5_3-0-AA-frgt 6 1 3
496-5_3-0-AA-frgt 5 1 3
499-5_3-0-AA-frgt 6 0 2
5-5_3-0-AA-frgt 5 1 3
50-5_3-0-AA-frgt 6 1 3
500-5_3-0-AA-frgt 5 1 3
502-5_3-0-AA-frgt 5 0 2
503-5_3-0-AA-frgt 5 1 3
504-5_3-0-AA-frgt 6 0 6
507-5_3-0-AA-frgt 5 1 3
511-5_3-0-AA-frgt 5 1 3
517-5_3-0-AA-frgt 5 1 3
518-5_3-0-AA-frgt 5 1 1
520-5_3-0-AA-frgt 5 1 3
522-5_3-0-AA-frgt 5 1 1
523-5_3-0-AA-frgt 5 1 3
526-5_3-0-AA-frgt 5 1 3
532-5_3-0-AA-frgt 5 1 2
536-5_3-0-AA-frgt 5 1 3
537-5_3-0-AA-frgt 5 1 3
555-5_3-0-AA-frgt 5 1 3
558-5_3-0-AA-frgt 5 1 3
559-5_3-0-AA-frgt 5 1 3
561-5_3-0-AA-frgt 5 1 3
572-5_3-0-AA-frgt 5 1 3
627-5_3-0-AA-frgt 5 1 2
628-5_3-0-AA-frgt 5 1 2
63-5_3-0-AA-frgt 5 1 3
633-5_3-1-AA-frgt 6 2 2
634-5_3-1-AA-frgt 6 2 2
635-5_3-1-AA-frgt 6 2 1
636-5_3-1-AA-frgt 6 2 2
643-5_3-1-AA-frgt 6 1 3
644-5_3-1-AA-frgt 6 1 3
65-5_3-0-AA-frgt 5 1 3
67-5_3-0-AA-frgt 5 1 2
69-5_3-0-AA-frgt 5 1 2
71-5_3-0-AA-frgt 5 1 2
73-5_3-0-AA-frgt 5 1 2
740-5_3-0-AA-frgt 5 1 3
742-5_3-0-AA-frgt 5 1 3
75-5_3-0-AA-frgt 5 1 2
755-5_3-1-AA-frgt 
756-5_3-1-AA-frgt 
757-5_3-1-AA-frgt 
758-5_3-2-AA-frgt 
759-5_3-0-AA-frgt 5 1 3
767-5_3-0-AA-frgt 6 1 3
768-5_3-0-AA-frgt 5 1 3
77-5_3-0-AA-frgt 5 1 2
771-5_3-0-AA-frgt 5 1 3
775-5_3-0-AA-frgt 5 1 3
779-5_3-0-AA-frgt 5 1 3
787-5_3-0-AA-frgt 5 1 3
79-5_3-0-AA-frgt 5 1 2
790-5_3-0-AA-frgt 5 1 3
793-5_3-0-AA-frgt 5 1 3
796-5_3-0-AA-frgt 5 1 3
799-5_3-0-AA-frgt 5 1 3
800-5_3-0-AA-frgt 5 1 3
807-5_3-0-AA-frgt 5 1 3
81-5_3-0-AA-frgt 5 1 2
811-5_3-0-AA-frgt 6 1 3
813-5_3-0-AA-frgt 6 1 1
817-5_3-0-AA-frgt 6 1 1
819-5_3-0-AA-frgt 5 1 3
822-5_3-0-AA-frgt 5 1 2
823-5_3-0-AA-frgt 5 1 3
825-5_3-0-AA-frgt 5 1 3
827-5_3-0-AA-frgt 5 1 3
828-5_3-0-AA-frgt 5 1 3
830-5_3-0-AA-frgt 5 1 3
831-5_3-0-AA-frgt 5 1 3
833-5_3-0-AA-frgt 5 1 3
836-5_3-0-AA-frgt 5 1 3
837-5_3-0-AA-frgt 5 1 1
839-5_3-0-AA-frgt 5 1 3
840-5_3-0-AA-frgt 5 1 3
842-5_3-0-AA-frgt 5 1 3
843-5_3-0-AA-frgt 6 1 3
845-5_3-0-AA-frgt 5 1 3
846-5_3-0-AA-frgt 5 1 3
848-5_3-0-AA-frgt 5 1 3
849-5_3-0-AA-frgt 5 1 3
853-5_3-0-AA-frgt 5 1 3
854-5_3-0-AA-frgt 6 1 3
855-5_3-0-AA-frgt 5 1 3
856-5_3-0-AA-frgt 5 1 3
858-5_3-0-AA-frgt 5 1 3
859-5_3-0-AA-frgt 5 1 3
860-5_3-0-AA-frgt 5 1 3
861-5_3-0-AA-frgt 5 1 3
863-5_3-0-AA-frgt 5 1 3
874-5_3-0-AA-frgt 5 1 3
880-5_3-0-AA-frgt 5 1 3
882-5_3-0-AA-frgt 5 1 3
885-5_3-0-AA-frgt 5 1 3
886-5_3-0-AA-frgt 6 1 3
888-5_3-0-AA-frgt 5 1 1
889-5_3-0-AA-frgt 5 1 3
892-5_3-0-AA-frgt 5 1 3
895-5_3-0-AA-frgt 5 1 3
896-5_3-0-AA-frgt 5 1 3
897-5_3-0-AA-frgt 5 1 3
898-5_3-0-AA-frgt 5 1 3
900-5_3-0-AA-frgt 5 1 3
901-5_3-0-AA-frgt 4 1 3
903-5_3-0-AA-frgt 5 1 3
904-5_3-0-AA-frgt 5 1 3
905-5_3-0-AA-frgt 6 1 3
921-5_3-0-AA-frgt 5 1 3
926-5_3-0-AA-frgt 5 1 3
927-5_3-0-AA-frgt 5 1 3
928-5_3-0-AA-frgt 5 1 3
934-5_3-0-AA-frgt 5 1 3
941-5_3-1-AA-frgt 7 2 1
942-5_3-1-AA-frgt 7 2 1
944-5_3-3-AA-frgt 7 1 3
945-5_3-1-AA-frgt 7 1 3
954-5_3-0-AA-frgt 5 1 3
955-5_3-0-AA-frgt 5 1 3
957-5_3-0-AA-frgt 5 1 3
958-5_3-0-AA-frgt 5 1 3
959-5_3-0-AA-frgt 5 1 3
960-5_3-0-AA-frgt 5 1 3
961-5_3-0-AA-frgt 5 1 3
962-5_3-0-AA-frgt 5 1 3
982-5_3-0-AA-frgt 5 1 3
984-5_3-0-AA-frgt 5 1 3
995-5_3-1-AA-frgt 7 2 1
996-5_3-1-AA-frgt 7 2 1
